lng,lat
66.1138888888889, 36.93416666666667
70.44777777777777, 34.43416666666667
69.16666666666667, 34.53333333333333
29.375833333333333, -3.4119444444444444
-1.5352777777777777, 12.357222222222223
13.966388888888888, 11.020833333333334
14.471944444444444, 12.359722222222222
29.054444444444446, -0.7119444444444445
-90.0911111111111, 13.781944444444445
34.5, 7.833333333333333
34.583333333333336, 8.25
88.59444444444445, 15.727777777777778
90.81944444444444, 14.661111111111111
-87.6438888888889, 14.699444444444444
43.30777777777778, 33.42055555555555
44.346111111111114, 32.88722222222222
42.5, 36.083333333333336
43.11888888888889, 36.335
44.40083333333333, 33.340555555555554
44.93694444444444, 33.978611111111114
44.40083333333333, 33.340555555555554
7.198055555555555, 8.25
13.579166666666667, 11.176388888888889
13.54888888888889, 10.851944444444445
3.5516666666666667, 6.626388888888889
13.876944444444444, 11.134722222222223
7.366666666666666, 5.106388888888889
6.487222222222222, 6.354444444444445
6.642777777777778, 5.070277777777778
12.480833333333333, 9.426388888888889
13.579166666666667, 11.176388888888889
12.846944444444444, 10.865833333333333
11.167222222222222, 10.289444444444445
13.160277777777777, 11.846388888888889
71.57833333333333, 34.007777777777775
71.73166666666667, 34.14388888888889
22.447222222222223, 13.4525
45.20361111111111, 4.735833333333334
42.215, 2.629722222222222
45.35, 2.033333333333333
44.766666666666666, 3.2333333333333334
42.46333333333333, 37.243611111111115
42.18472222222222, 37.33
28.949444444444445, 41.01361111111111
40.40694444444444, 37.72222222222222
-66.91666666666667, 10.5
45.03666666666667, 12.779444444444444
44.28333333333333, 15.366666666666667
45.03666666666667, 12.779444444444444
43.60777777777778, 17.066944444444445
44.20666666666666, 15.354722222222222
45.03666666666667, 12.779444444444444
44.20666666666666, 15.354722222222222
34.583333333333336, 8.25
7.854722222222222, 7.905833333333334
36.4025, 33.571666666666665
36.10194444444444, 32.61888888888889
36.63388888888889, 35.93055555555556
37.16111111111111, 36.20111111111111
40.14083333333333, 35.33583333333333
39.007777777777775, 35.952777777777776
36.4025, 33.571666666666665
36.4025, 33.571666666666665
36.10194444444444, 32.61888888888889
37.16111111111111, 36.20111111111111
40.14083333333333, 35.33583333333333
36.4025, 33.571666666666665
36.10194444444444, 32.61888888888889
37.16111111111111, 36.20111111111111
40.14083333333333, 35.33583333333333
39.007777777777775, 35.952777777777776
36.10194444444444, 32.61888888888889
37.16111111111111, 36.20111111111111
36.4025, 33.571666666666665
36.4025, 33.571666666666665
36.10194444444444, 32.61888888888889
37.16111111111111, 36.20111111111111
40.14083333333333, 35.33583333333333
39.007777777777775, 35.952777777777776
36.4025, 33.571666666666665
36.4025, 33.571666666666665
36.10194444444444, 32.61888888888889
37.16111111111111, 36.20111111111111
40.14083333333333, 35.33583333333333
35.79, 35.531666666666666
40.7475, 36.50222222222222
36.4025, 33.571666666666665
40.7475, 36.50222222222222
36.4025, 33.571666666666665
36.723333333333336, 34.72666666666667
36.63388888888889, 35.93055555555556
37.16111111111111, 36.20111111111111
36.4025, 33.571666666666665
36.723333333333336, 34.72666666666667
36.10194444444444, 32.61888888888889
36.63388888888889, 35.93055555555556
37.16111111111111, 36.20111111111111
39.007777777777775, 35.952777777777776
36.757777777777775, 35.13166666666667
36.4025, 33.571666666666665
36.10194444444444, 32.61888888888889
37.16111111111111, 36.20111111111111
40.14083333333333, 35.33583333333333
39.007777777777775, 35.952777777777776
36.4025, 33.571666666666665
36.723333333333336, 34.72666666666667
36.10194444444444, 32.61888888888889
37.16111111111111, 36.20111111111111
39.007777777777775, 35.952777777777776
40.7475, 36.50222222222222
36.4025, 33.571666666666665
36.10194444444444, 32.61888888888889
36.63388888888889, 35.93055555555556
37.16111111111111, 36.20111111111111
40.14083333333333, 35.33583333333333
36.757777777777775, 35.13166666666667
40.7475, 36.50222222222222
36.4025, 33.571666666666665
36.10194444444444, 32.61888888888889
36.63388888888889, 35.93055555555556
37.16111111111111, 36.20111111111111
40.14083333333333, 35.33583333333333
36.757777777777775, 35.13166666666667
36.4025, 33.571666666666665
36.10194444444444, 32.61888888888889
36.63388888888889, 35.93055555555556
37.16111111111111, 36.20111111111111
40.14083333333333, 35.33583333333333
36.4025, 33.571666666666665
36.4025, 33.571666666666665
36.723333333333336, 34.72666666666667
36.10194444444444, 32.61888888888889
37.16111111111111, 36.20111111111111
40.14083333333333, 35.33583333333333
36.4025, 33.571666666666665
36.4025, 33.571666666666665
36.10194444444444, 32.61888888888889
36.63388888888889, 35.93055555555556
37.16111111111111, 36.20111111111111
40.14083333333333, 35.33583333333333
39.007777777777775, 35.952777777777776
36.4025, 33.571666666666665
36.723333333333336, 34.72666666666667
36.10194444444444, 32.61888888888889
36.63388888888889, 35.93055555555556
37.16111111111111, 36.20111111111111
40.14083333333333, 35.33583333333333
39.007777777777775, 35.952777777777776
36.757777777777775, 35.13166666666667
36.10194444444444, 32.61888888888889
36.63388888888889, 35.93055555555556
37.16111111111111, 36.20111111111111
40.14083333333333, 35.33583333333333
39.007777777777775, 35.952777777777776
36.757777777777775, 35.13166666666667
35.88638888888889, 34.888888888888886
36.4025, 33.571666666666665
36.723333333333336, 34.72666666666667
36.63388888888889, 35.93055555555556
37.16111111111111, 36.20111111111111
40.14083333333333, 35.33583333333333
35.79, 35.531666666666666
40.7475, 36.50222222222222
36.4025, 33.571666666666665
36.723333333333336, 34.72666666666667
36.63388888888889, 35.93055555555556
40.14083333333333, 35.33583333333333
36.4025, 33.571666666666665
37.16111111111111, 36.20111111111111
40.14083333333333, 35.33583333333333
39.007777777777775, 35.952777777777776
36.757777777777775, 35.13166666666667
36.4025, 33.571666666666665
36.723333333333336, 34.72666666666667
36.63388888888889, 35.93055555555556
37.16111111111111, 36.20111111111111
40.14083333333333, 35.33583333333333
39.007777777777775, 35.952777777777776
36.757777777777775, 35.13166666666667
36.4025, 33.571666666666665
36.4025, 33.571666666666665
36.723333333333336, 34.72666666666667
36.10194444444444, 32.61888888888889
40.14083333333333, 35.33583333333333
39.007777777777775, 35.952777777777776
36.757777777777775, 35.13166666666667
36.4025, 33.571666666666665
36.4025, 33.571666666666665
36.10194444444444, 32.61888888888889
36.63388888888889, 35.93055555555556
37.16111111111111, 36.20111111111111
40.14083333333333, 35.33583333333333
36.4025, 33.571666666666665
36.4025, 33.571666666666665
36.63388888888889, 35.93055555555556
37.16111111111111, 36.20111111111111
39.007777777777775, 35.952777777777776
36.4025, 33.571666666666665
36.723333333333336, 34.72666666666667
36.10194444444444, 32.61888888888889
36.63388888888889, 35.93055555555556
37.16111111111111, 36.20111111111111
40.14083333333333, 35.33583333333333
36.4025, 33.571666666666665
36.723333333333336, 34.72666666666667
36.10194444444444, 32.61888888888889
36.63388888888889, 35.93055555555556
37.16111111111111, 36.20111111111111
40.14083333333333, 35.33583333333333
40.7475, 36.50222222222222
36.4025, 33.571666666666665
36.4025, 33.571666666666665
36.723333333333336, 34.72666666666667
36.63388888888889, 35.93055555555556
37.16111111111111, 36.20111111111111
40.14083333333333, 35.33583333333333
36.757777777777775, 35.13166666666667
40.7475, 36.50222222222222
36.4025, 33.571666666666665
36.10194444444444, 32.61888888888889
36.63388888888889, 35.93055555555556
37.16111111111111, 36.20111111111111
40.14083333333333, 35.33583333333333
39.007777777777775, 35.952777777777776
40.7475, 36.50222222222222
35.78333333333333, 33.03333333333333
36.4025, 33.571666666666665
36.10194444444444, 32.61888888888889
36.63388888888889, 35.93055555555556
37.16111111111111, 36.20111111111111
40.14083333333333, 35.33583333333333
36.4025, 33.571666666666665
36.723333333333336, 34.72666666666667
36.63388888888889, 35.93055555555556
37.16111111111111, 36.20111111111111
39.007777777777775, 35.952777777777776
36.757777777777775, 35.13166666666667
40.7475, 36.50222222222222
69.16666666666667, 34.53333333333333
68.86666666666666, 36.733333333333334
68.66222222222223, 32.92305555555556
68.37694444444445, 32.08722222222222
69.17138888888888, 35.01361111111111
71.14694444444444, 34.87305555555555
69.16666666666667, 34.53333333333333
69.87972222222223, 37.45
88.75944444444444, 26.118333333333332
13.94138888888889, 10.998333333333333
14.241666666666667, 10.978055555555555
29.233333333333334, -0.16666666666666666
29.6, 0.85
29.58861111111111, 0.9883333333333333
-1.713888888888889, 6.699722222222222
-13.712222222222222, 9.509166666666667
76.65638888888888, 28.60611111111111
44.40083333333333, 33.340555555555554
44.40083333333333, 33.340555555555554
44.93694444444444, 33.978611111111114
44.40083333333333, 33.340555555555554
12.488333333333333, 32.79333333333334
100.3, 25.666666666666668
-106.41027777777778, 23.961666666666666
2.7022222222222223, 16.661666666666665
12.45138888888889, 11.645
6.278888888888889, 11.538055555555555
13.002777777777778, 11.585833333333333
13.05, 11.835277777777778
9.260555555555555, 7.365277777777778
14.026666666666667, 11.900555555555556
7.013333333333334, 4.777222222222222
8.095277777777778, 7.8677777777777775
12.7575, 11.155833333333334
6.655555555555556, 5.341666666666667
9.887222222222222, 8.350833333333334
67.00944444444444, 30.198888888888888
123.40638888888888, 7.400833333333333
147.0, -6.733333333333333
42.666666666666664, 17.333333333333332
24.231666666666666, 13.236944444444445
24.153055555555557, 13.13111111111111
25.086944444444445, 13.312777777777777
45.56722222222222, 3.8536111111111113
45.35, 2.033333333333333
43.64972222222222, 3.113611111111111
29.098055555555554, 6.874722222222222
31.66027777777778, 9.533333333333333
42.18472222222222, 37.33
32.86666666666667, 39.93333333333333
30.05, 0.6666666666666666
38.910555555555554, 49.278055555555554
44.20666666666666, 15.354722222222222
43.94361111111111, 15.659166666666666
44.20666666666666, 15.354722222222222
44.20666666666666, 15.354722222222222
45.03666666666667, 12.779444444444444
36.4025, 33.571666666666665
36.723333333333336, 34.72666666666667
37.16111111111111, 36.20111111111111
40.14083333333333, 35.33583333333333
39.007777777777775, 35.952777777777776
36.757777777777775, 35.13166666666667
35.79, 35.531666666666666
36.4025, 33.571666666666665
36.4025, 33.571666666666665
36.723333333333336, 34.72666666666667
36.10194444444444, 32.61888888888889
37.16111111111111, 36.20111111111111
36.4025, 33.571666666666665
36.723333333333336, 34.72666666666667
36.10194444444444, 32.61888888888889
37.16111111111111, 36.20111111111111
40.14083333333333, 35.33583333333333
36.757777777777775, 35.13166666666667
36.4025, 33.571666666666665
36.723333333333336, 34.72666666666667
36.10194444444444, 32.61888888888889
36.63388888888889, 35.93055555555556
37.16111111111111, 36.20111111111111
36.4025, 33.571666666666665
36.723333333333336, 34.72666666666667
36.10194444444444, 32.61888888888889
36.63388888888889, 35.93055555555556
37.16111111111111, 36.20111111111111
36.4025, 33.571666666666665
36.63388888888889, 35.93055555555556
40.14083333333333, 35.33583333333333
39.007777777777775, 35.952777777777776
36.4025, 33.571666666666665
36.723333333333336, 34.72666666666667
36.10194444444444, 32.61888888888889
37.16111111111111, 36.20111111111111
40.14083333333333, 35.33583333333333
36.4025, 33.571666666666665
36.723333333333336, 34.72666666666667
36.10194444444444, 32.61888888888889
37.16111111111111, 36.20111111111111
40.14083333333333, 35.33583333333333
40.7475, 36.50222222222222
36.4025, 33.571666666666665
36.4025, 33.571666666666665
36.723333333333336, 34.72666666666667
36.10194444444444, 32.61888888888889
36.63388888888889, 35.93055555555556
37.16111111111111, 36.20111111111111
40.14083333333333, 35.33583333333333
36.757777777777775, 35.13166666666667
36.4025, 33.571666666666665
36.4025, 33.571666666666665
36.723333333333336, 34.72666666666667
36.63388888888889, 35.93055555555556
37.16111111111111, 36.20111111111111
39.007777777777775, 35.952777777777776
40.7475, 36.50222222222222
36.4025, 33.571666666666665
36.723333333333336, 34.72666666666667
36.10194444444444, 32.61888888888889
36.63388888888889, 35.93055555555556
37.16111111111111, 36.20111111111111
40.14083333333333, 35.33583333333333
39.007777777777775, 35.952777777777776
36.4025, 33.571666666666665
36.723333333333336, 34.72666666666667
36.10194444444444, 32.61888888888889
37.16111111111111, 36.20111111111111
36.757777777777775, 35.13166666666667
36.4025, 33.571666666666665
36.4025, 33.571666666666665
36.723333333333336, 34.72666666666667
36.10194444444444, 32.61888888888889
36.63388888888889, 35.93055555555556
37.16111111111111, 36.20111111111111
40.14083333333333, 35.33583333333333
36.4025, 33.571666666666665
36.723333333333336, 34.72666666666667
36.10194444444444, 32.61888888888889
37.16111111111111, 36.20111111111111
36.56944444444444, 32.708888888888886
36.757777777777775, 35.13166666666667
36.4025, 33.571666666666665
36.723333333333336, 34.72666666666667
36.10194444444444, 32.61888888888889
36.63388888888889, 35.93055555555556
37.16111111111111, 36.20111111111111
40.14083333333333, 35.33583333333333
39.007777777777775, 35.952777777777776
36.4025, 33.571666666666665
36.4025, 33.571666666666665
36.723333333333336, 34.72666666666667
36.10194444444444, 32.61888888888889
36.63388888888889, 35.93055555555556
37.16111111111111, 36.20111111111111
40.7475, 36.50222222222222
36.4025, 33.571666666666665
36.4025, 33.571666666666665
36.723333333333336, 34.72666666666667
36.10194444444444, 32.61888888888889
36.63388888888889, 35.93055555555556
37.16111111111111, 36.20111111111111
40.14083333333333, 35.33583333333333
40.7475, 36.50222222222222
36.4025, 33.571666666666665
36.723333333333336, 34.72666666666667
36.10194444444444, 32.61888888888889
36.63388888888889, 35.93055555555556
37.16111111111111, 36.20111111111111
36.4025, 33.571666666666665
36.4025, 33.571666666666665
36.723333333333336, 34.72666666666667
36.10194444444444, 32.61888888888889
36.63388888888889, 35.93055555555556
37.16111111111111, 36.20111111111111
36.757777777777775, 35.13166666666667
36.4025, 33.571666666666665
36.10194444444444, 32.61888888888889
36.63388888888889, 35.93055555555556
37.16111111111111, 36.20111111111111
40.14083333333333, 35.33583333333333
36.4025, 33.571666666666665
36.723333333333336, 34.72666666666667
36.10194444444444, 32.61888888888889
37.16111111111111, 36.20111111111111
40.14083333333333, 35.33583333333333
36.757777777777775, 35.13166666666667
36.4025, 33.571666666666665
36.723333333333336, 34.72666666666667
36.10194444444444, 32.61888888888889
36.63388888888889, 35.93055555555556
37.16111111111111, 36.20111111111111
40.14083333333333, 35.33583333333333
36.4025, 33.571666666666665
36.4025, 33.571666666666665
36.723333333333336, 34.72666666666667
36.10194444444444, 32.61888888888889
37.16111111111111, 36.20111111111111
40.14083333333333, 35.33583333333333
39.007777777777775, 35.952777777777776
40.7475, 36.50222222222222
36.4025, 33.571666666666665
36.723333333333336, 34.72666666666667
36.10194444444444, 32.61888888888889
36.63388888888889, 35.93055555555556
37.16111111111111, 36.20111111111111
40.14083333333333, 35.33583333333333
36.757777777777775, 35.13166666666667
35.79, 35.531666666666666
36.4025, 33.571666666666665
36.723333333333336, 34.72666666666667
36.10194444444444, 32.61888888888889
36.63388888888889, 35.93055555555556
40.14083333333333, 35.33583333333333
36.757777777777775, 35.13166666666667
36.4025, 33.571666666666665
36.723333333333336, 34.72666666666667
36.10194444444444, 32.61888888888889
36.63388888888889, 35.93055555555556
37.16111111111111, 36.20111111111111
40.14083333333333, 35.33583333333333
36.757777777777775, 35.13166666666667
36.4025, 33.571666666666665
36.4025, 33.571666666666665
36.723333333333336, 34.72666666666667
36.10194444444444, 32.61888888888889
36.63388888888889, 35.93055555555556
37.16111111111111, 36.20111111111111
40.14083333333333, 35.33583333333333
39.007777777777775, 35.952777777777776
36.757777777777775, 35.13166666666667
36.4025, 33.571666666666665
36.10194444444444, 32.61888888888889
36.63388888888889, 35.93055555555556
37.16111111111111, 36.20111111111111
40.14083333333333, 35.33583333333333
36.4025, 33.571666666666665
36.10194444444444, 32.61888888888889
37.16111111111111, 36.20111111111111
40.14083333333333, 35.33583333333333
40.7475, 36.50222222222222
68.65722222222222, 33.92472222222222
29.891111111111112, -4.29
29.584722222222222, -3.6722222222222225
4.35, 50.85
89.95861111111111, 22.28611111111111
89.64277777777778, 25.81138888888889
20.675555555555555, 5.767777777777778
-3.738611111111111, 5.211666666666667
-2.995, 9.269166666666667
28.816666666666666, 1.4
-89.38333333333334, 13.916666666666666
-58.166666666666664, 6.8
-88.18055555555556, 14.311111111111112
87.21666666666667, 14.1
-87.81666666666666, 15.383333333333333
102.25916666666667, 3.7955555555555556
44.419444444444444, 32.46361111111111
44.346111111111114, 32.88722222222222
44.40083333333333, 33.340555555555554
79.84777777777778, 6.9319444444444445
3.388333333333333, 6.606111111111111
6.656666666666666, 5.3438888888888885
9.250277777777777, 7.689166666666667
5.551111111111111, 6.235555555555556
13.160277777777777, 11.846388888888889
9.260555555555555, 7.365277777777778
6.8244444444444445, 5.402222222222222
71.55472222222222, 34.215833333333336
71.57833333333333, 34.007777777777775
74.34361111111112, 31.549722222222222
24.30638888888889, 12.873611111111112
45.56722222222222, 3.8536111111111113
41.964444444444446, -1.0166666666666666
45.35, 2.033333333333333
47.43083333333333, 6.769722222222223
101.5125, 6.193611111111111
11.207222222222223, 32.899166666666666
32.86666666666667, 39.93333333333333
39.31305555555556, 37.49777777777778
30.00777777777778, 0.12083333333333333
30.086944444444445, 0.7372222222222222
303124.0, 50.45
-61.50472222222222, 7.298611111111111
45.03666666666667, 12.779444444444444
44.020833333333336, 13.579444444444444
43.24888888888889, 16.228055555555557
44.020833333333336, 13.579444444444444
44.020833333333336, 13.579444444444444
45.03666666666667, 12.779444444444444
29.845833333333335, 30.948888888888888
11.716666666666667, 11.0
70.50583333333333, 32.80111111111111
36.4025, 33.571666666666665
36.10194444444444, 32.61888888888889
36.63388888888889, 35.93055555555556
37.16111111111111, 36.20111111111111
40.14083333333333, 35.33583333333333
40.7475, 36.50222222222222
36.723333333333336, 34.72666666666667
36.63388888888889, 35.93055555555556
37.16111111111111, 36.20111111111111
40.14083333333333, 35.33583333333333
36.4025, 33.571666666666665
36.4025, 33.571666666666665
36.723333333333336, 34.72666666666667
36.10194444444444, 32.61888888888889
37.16111111111111, 36.20111111111111
36.4025, 33.571666666666665
36.723333333333336, 34.72666666666667
36.63388888888889, 35.93055555555556
37.16111111111111, 36.20111111111111
40.14083333333333, 35.33583333333333
36.4025, 33.571666666666665
36.10194444444444, 32.61888888888889
37.16111111111111, 36.20111111111111
40.14083333333333, 35.33583333333333
36.4025, 33.571666666666665
36.723333333333336, 34.72666666666667
37.16111111111111, 36.20111111111111
40.14083333333333, 35.33583333333333
36.757777777777775, 35.13166666666667
36.4025, 33.571666666666665
36.4025, 33.571666666666665
36.10194444444444, 32.61888888888889
36.63388888888889, 35.93055555555556
37.16111111111111, 36.20111111111111
40.14083333333333, 35.33583333333333
35.78333333333333, 33.03333333333333
36.4025, 33.571666666666665
36.723333333333336, 34.72666666666667
36.10194444444444, 32.61888888888889
36.63388888888889, 35.93055555555556
40.14083333333333, 35.33583333333333
40.7475, 36.50222222222222
36.4025, 33.571666666666665
36.723333333333336, 34.72666666666667
36.10194444444444, 32.61888888888889
36.63388888888889, 35.93055555555556
37.16111111111111, 36.20111111111111
40.14083333333333, 35.33583333333333
40.7475, 36.50222222222222
36.4025, 33.571666666666665
36.723333333333336, 34.72666666666667
36.63388888888889, 35.93055555555556
40.14083333333333, 35.33583333333333
36.4025, 33.571666666666665
36.723333333333336, 34.72666666666667
36.10194444444444, 32.61888888888889
37.16111111111111, 36.20111111111111
40.14083333333333, 35.33583333333333
36.723333333333336, 34.72666666666667
36.10194444444444, 32.61888888888889
37.16111111111111, 36.20111111111111
40.14083333333333, 35.33583333333333
39.007777777777775, 35.952777777777776
36.4025, 33.571666666666665
36.723333333333336, 34.72666666666667
36.10194444444444, 32.61888888888889
36.63388888888889, 35.93055555555556
37.16111111111111, 36.20111111111111
40.7475, 36.50222222222222
36.4025, 33.571666666666665
36.4025, 33.571666666666665
36.723333333333336, 34.72666666666667
36.10194444444444, 32.61888888888889
35.78333333333333, 33.03333333333333
40.14083333333333, 35.33583333333333
36.757777777777775, 35.13166666666667
36.4025, 33.571666666666665
36.10194444444444, 32.61888888888889
40.14083333333333, 35.33583333333333
36.4025, 33.571666666666665
36.10194444444444, 32.61888888888889
37.16111111111111, 36.20111111111111
40.14083333333333, 35.33583333333333
36.757777777777775, 35.13166666666667
36.4025, 33.571666666666665
36.723333333333336, 34.72666666666667
36.10194444444444, 32.61888888888889
36.63388888888889, 35.93055555555556
37.16111111111111, 36.20111111111111
36.4025, 33.571666666666665
36.723333333333336, 34.72666666666667
37.16111111111111, 36.20111111111111
40.14083333333333, 35.33583333333333
36.723333333333336, 34.72666666666667
36.10194444444444, 32.61888888888889
40.14083333333333, 35.33583333333333
39.007777777777775, 35.952777777777776
36.10194444444444, 32.61888888888889
37.16111111111111, 36.20111111111111
40.14083333333333, 35.33583333333333
36.10194444444444, 32.61888888888889
37.16111111111111, 36.20111111111111
36.757777777777775, 35.13166666666667
36.4025, 33.571666666666665
36.723333333333336, 34.72666666666667
36.10194444444444, 32.61888888888889
37.16111111111111, 36.20111111111111
40.14083333333333, 35.33583333333333
36.757777777777775, 35.13166666666667
36.4025, 33.571666666666665
36.4025, 33.571666666666665
36.723333333333336, 34.72666666666667
37.16111111111111, 36.20111111111111
40.14083333333333, 35.33583333333333
36.4025, 33.571666666666665
36.723333333333336, 34.72666666666667
36.63388888888889, 35.93055555555556
39.007777777777775, 35.952777777777776
36.723333333333336, 34.72666666666667
36.10194444444444, 32.61888888888889
37.16111111111111, 36.20111111111111
40.14083333333333, 35.33583333333333
39.007777777777775, 35.952777777777776
36.757777777777775, 35.13166666666667
36.4025, 33.571666666666665
36.10194444444444, 32.61888888888889
36.63388888888889, 35.93055555555556
37.16111111111111, 36.20111111111111
40.14083333333333, 35.33583333333333
39.007777777777775, 35.952777777777776
36.757777777777775, 35.13166666666667
36.4025, 33.571666666666665
36.4025, 33.571666666666665
40.14083333333333, 35.33583333333333
36.4025, 33.571666666666665
36.10194444444444, 32.61888888888889
36.63388888888889, 35.93055555555556
37.16111111111111, 36.20111111111111
40.14083333333333, 35.33583333333333
40.7475, 36.50222222222222
36.4025, 33.571666666666665
36.4025, 33.571666666666665
36.723333333333336, 34.72666666666667
36.10194444444444, 32.61888888888889
40.14083333333333, 35.33583333333333
36.4025, 33.571666666666665
36.723333333333336, 34.72666666666667
36.10194444444444, 32.61888888888889
36.63388888888889, 35.93055555555556
37.16111111111111, 36.20111111111111
40.14083333333333, 35.33583333333333
69.17138888888888, 35.01361111111111
69.16666666666667, 34.53333333333333
68.86666666666666, 36.733333333333334
69.16666666666667, 34.53333333333333
30.509722222222223, -3.450833333333333
29.366666666666667, 3.3833333333333333
29.366666666666667, -3.3833333333333333
90.36666666666666, 23.7
88.60111111111111, 24.37388888888889
90.36666666666666, 23.7
28.698888888888888, 0.9525
34.5, 7.833333333333333
34.583333333333336, 8.25
16.5775, 13.453055555555556
46.22638888888889, 30.872777777777777
47.79194444444445, 30.523055555555555
44.40083333333333, 33.340555555555554
44.40083333333333, 33.340555555555554
44.40083333333333, 33.340555555555554
43.78611111111111, 33.355555555555554
44.7075, 33.37277777777778
35.39805555555556, 33.56055555555555
8.881944444444445, 7.620555555555556
11.716666666666667, 11.0
11.38888888888889, 7.499444444444444
8.9125, 7.501944444444445
5.241944444444444, 11.430555555555555
11.716666666666667, 11.0
14.02, 11.661944444444444
10.865277777777777, 9.221944444444444
10.544166666666667, 8.4725
7.137777777777778, 6.7411111111111115
10.865277777777777, 9.221944444444444
4.835277777777778, 7.093055555555556
72.49916666666667, 34.44277777777778
76.55305555555556, 60.93416666666667
25.044722222222223, 13.173055555555555
45.35, 2.033333333333333
44.61888888888889, 1.7044444444444444
49.219166666666666, 7.4847222222222225
45.20361111111111, 4.735833333333334
37.66027777777778, 47.82805555555556
36.4025, 33.571666666666665
37.16111111111111, 36.20111111111111
40.14083333333333, 35.33583333333333
39.007777777777775, 35.952777777777776
36.4025, 33.571666666666665
36.4025, 33.571666666666665
36.723333333333336, 34.72666666666667
36.10194444444444, 32.61888888888889
37.16111111111111, 36.20111111111111
40.14083333333333, 35.33583333333333
39.007777777777775, 35.952777777777776
40.7475, 36.50222222222222
36.4025, 33.571666666666665
36.723333333333336, 34.72666666666667
36.10194444444444, 32.61888888888889
36.63388888888889, 35.93055555555556
37.16111111111111, 36.20111111111111
40.14083333333333, 35.33583333333333
39.007777777777775, 35.952777777777776
40.7475, 36.50222222222222
36.4025, 33.571666666666665
36.4025, 33.571666666666665
36.4025, 33.571666666666665
36.723333333333336, 34.72666666666667
36.63388888888889, 35.93055555555556
37.16111111111111, 36.20111111111111
40.14083333333333, 35.33583333333333
39.007777777777775, 35.952777777777776
40.7475, 36.50222222222222
36.4025, 33.571666666666665
36.63388888888889, 35.93055555555556
37.16111111111111, 36.20111111111111
40.14083333333333, 35.33583333333333
36.4025, 33.571666666666665
36.10194444444444, 32.61888888888889
36.63388888888889, 35.93055555555556
37.16111111111111, 36.20111111111111
40.14083333333333, 35.33583333333333
36.723333333333336, 34.72666666666667
36.10194444444444, 32.61888888888889
36.63388888888889, 35.93055555555556
40.14083333333333, 35.33583333333333
36.4025, 33.571666666666665
36.723333333333336, 34.72666666666667
36.63388888888889, 35.93055555555556
37.16111111111111, 36.20111111111111
40.14083333333333, 35.33583333333333
36.757777777777775, 35.13166666666667
36.4025, 33.571666666666665
36.723333333333336, 34.72666666666667
37.16111111111111, 36.20111111111111
40.14083333333333, 35.33583333333333
39.007777777777775, 35.952777777777776
36.757777777777775, 35.13166666666667
36.4025, 33.571666666666665
36.723333333333336, 34.72666666666667
36.63388888888889, 35.93055555555556
37.16111111111111, 36.20111111111111
40.14083333333333, 35.33583333333333
39.007777777777775, 35.952777777777776
36.757777777777775, 35.13166666666667
35.78333333333333, 33.03333333333333
36.4025, 33.571666666666665
36.723333333333336, 34.72666666666667
36.63388888888889, 35.93055555555556
40.14083333333333, 35.33583333333333
35.79, 35.531666666666666
36.4025, 33.571666666666665
36.10194444444444, 32.61888888888889
37.16111111111111, 36.20111111111111
40.14083333333333, 35.33583333333333
36.757777777777775, 35.13166666666667
36.723333333333336, 34.72666666666667
36.10194444444444, 32.61888888888889
37.16111111111111, 36.20111111111111
40.14083333333333, 35.33583333333333
39.007777777777775, 35.952777777777776
36.4025, 33.571666666666665
36.723333333333336, 34.72666666666667
36.10194444444444, 32.61888888888889
37.16111111111111, 36.20111111111111
40.14083333333333, 35.33583333333333
39.007777777777775, 35.952777777777776
36.757777777777775, 35.13166666666667
36.4025, 33.571666666666665
36.723333333333336, 34.72666666666667
37.16111111111111, 36.20111111111111
40.14083333333333, 35.33583333333333
39.007777777777775, 35.952777777777776
36.4025, 33.571666666666665
36.4025, 33.571666666666665
36.63388888888889, 35.93055555555556
37.16111111111111, 36.20111111111111
40.14083333333333, 35.33583333333333
36.4025, 33.571666666666665
36.4025, 33.571666666666665
36.723333333333336, 34.72666666666667
36.10194444444444, 32.61888888888889
40.14083333333333, 35.33583333333333
39.007777777777775, 35.952777777777776
36.4025, 33.571666666666665
36.4025, 33.571666666666665
36.723333333333336, 34.72666666666667
36.10194444444444, 32.61888888888889
36.63388888888889, 35.93055555555556
37.16111111111111, 36.20111111111111
40.14083333333333, 35.33583333333333
36.757777777777775, 35.13166666666667
40.7475, 36.50222222222222
36.4025, 33.571666666666665
36.723333333333336, 34.72666666666667
36.63388888888889, 35.93055555555556
37.16111111111111, 36.20111111111111
36.4025, 33.571666666666665
36.723333333333336, 34.72666666666667
36.10194444444444, 32.61888888888889
36.63388888888889, 35.93055555555556
37.16111111111111, 36.20111111111111
40.14083333333333, 35.33583333333333
36.4025, 33.571666666666665
36.723333333333336, 34.72666666666667
36.63388888888889, 35.93055555555556
37.16111111111111, 36.20111111111111
40.14083333333333, 35.33583333333333
36.757777777777775, 35.13166666666667
36.4025, 33.571666666666665
36.4025, 33.571666666666665
36.723333333333336, 34.72666666666667
36.10194444444444, 32.61888888888889
37.16111111111111, 36.20111111111111
36.757777777777775, 35.13166666666667
40.7475, 36.50222222222222
36.723333333333336, 34.72666666666667
36.63388888888889, 35.93055555555556
37.16111111111111, 36.20111111111111
40.14083333333333, 35.33583333333333
39.007777777777775, 35.952777777777776
36.757777777777775, 35.13166666666667
36.4025, 33.571666666666665
36.10194444444444, 32.61888888888889
37.16111111111111, 36.20111111111111
40.14083333333333, 35.33583333333333
36.757777777777775, 35.13166666666667
36.4025, 33.571666666666665
36.723333333333336, 34.72666666666667
36.10194444444444, 32.61888888888889
36.63388888888889, 35.93055555555556
37.16111111111111, 36.20111111111111
40.14083333333333, 35.33583333333333
36.757777777777775, 35.13166666666667
36.4025, 33.571666666666665
36.4025, 33.571666666666665
36.723333333333336, 34.72666666666667
36.63388888888889, 35.93055555555556
37.16111111111111, 36.20111111111111
40.14083333333333, 35.33583333333333
39.007777777777775, 35.952777777777776
36.4025, 33.571666666666665
36.723333333333336, 34.72666666666667
36.10194444444444, 32.61888888888889
36.63388888888889, 35.93055555555556
37.16111111111111, 36.20111111111111
40.14083333333333, 35.33583333333333
36.757777777777775, 35.13166666666667
36.4025, 33.571666666666665
36.723333333333336, 34.72666666666667
37.16111111111111, 36.20111111111111
40.14083333333333, 35.33583333333333
36.4025, 33.571666666666665
36.723333333333336, 34.72666666666667
37.16111111111111, 36.20111111111111
40.14083333333333, 35.33583333333333
39.007777777777775, 35.952777777777776
36.757777777777775, 35.13166666666667
29.445833333333333, 1.1872222222222222
63.43, 34.80833333333333
70.82555555555555, 34.05583333333333
62.11638888888889, 32.37444444444444
68.715, 35.94444444444444
69.16666666666667, 34.53333333333333
65.71, 31.613055555555555
66.00555555555556, 32.07944444444445
64.1525, 31.53611111111111
69.16666666666667, 34.53333333333333
68.87777777777778, 36.53
89.0, 25.0
92.26, 21.49
88.91666666666667, 23.833333333333332
29.95888888888889, 1.08
29.765, 0.8016666666666666
61.80694444444445, 30.872777777777777
45.29416666666667, 31.331944444444446
44.40083333333333, 33.340555555555554
44.3875, 32.87777777777778
44.646388888888886, 33.74638888888889
44.40083333333333, 33.340555555555554
44.0, 33.0
44.355, 32.966388888888886
44.40083333333333, 33.340555555555554
44.40083333333333, 33.340555555555554
44.40083333333333, 33.340555555555554
44.93694444444444, 33.978611111111114
36.81666666666667, -1.2833333333333332
39.461666666666666, -4.175
20.066666666666666, 32.11666666666667
13.294166666666667, 13.733055555555556
6.642777777777778, 5.070277777777778
7.597222222222222, 8.269166666666667
8.45, 9.25
7.038055555555555, 7.302777777777778
10.544166666666667, 8.4725
9.260555555555555, 7.365277777777778
13.29138888888889, 11.898888888888889
6.642777777777778, 5.070277777777778
6.747222222222222, 5.006666666666667
6.7316666666666665, 6.198055555555555
6.785555555555556, 6.1497222222222225
67.08194444444445, 24.905555555555555
125.02777777777777, 7.997777777777777
120.85527777777777, 14.41611111111111
30.517222222222223, 11.21861111111111
30.746111111111112, 14.532777777777778
22.810277777777777, 13.505
45.20361111111111, 4.735833333333334
45.20361111111111, 4.735833333333334
40.33861111111111, 38.051944444444445
-69.35694444444445, 10.064444444444444
-70.50888888888889, 9.438333333333333
45.32555555555555, 15.4625
49.143055555555556, 14.546666666666667
44.881388888888885, 13.062222222222223
36.4025, 33.571666666666665
36.4025, 33.571666666666665
36.723333333333336, 34.72666666666667
36.63388888888889, 35.93055555555556
37.16111111111111, 36.20111111111111
40.14083333333333, 35.33583333333333
39.007777777777775, 35.952777777777776
36.4025, 33.571666666666665
36.723333333333336, 34.72666666666667
36.10194444444444, 32.61888888888889
36.63388888888889, 35.93055555555556
37.16111111111111, 36.20111111111111
40.14083333333333, 35.33583333333333
39.007777777777775, 35.952777777777776
36.757777777777775, 35.13166666666667
40.7475, 36.50222222222222
36.4025, 33.571666666666665
36.723333333333336, 34.72666666666667
36.10194444444444, 32.61888888888889
36.63388888888889, 35.93055555555556
37.16111111111111, 36.20111111111111
39.007777777777775, 35.952777777777776
36.4025, 33.571666666666665
36.4025, 33.571666666666665
36.10194444444444, 32.61888888888889
36.63388888888889, 35.93055555555556
40.14083333333333, 35.33583333333333
36.723333333333336, 34.72666666666667
36.10194444444444, 32.61888888888889
37.16111111111111, 36.20111111111111
40.14083333333333, 35.33583333333333
36.10194444444444, 32.61888888888889
37.16111111111111, 36.20111111111111
39.007777777777775, 35.952777777777776
36.757777777777775, 35.13166666666667
36.4025, 33.571666666666665
36.4025, 33.571666666666665
36.10194444444444, 32.61888888888889
36.63388888888889, 35.93055555555556
37.16111111111111, 36.20111111111111
40.14083333333333, 35.33583333333333
36.757777777777775, 35.13166666666667
36.4025, 33.571666666666665
36.723333333333336, 34.72666666666667
36.63388888888889, 35.93055555555556
37.16111111111111, 36.20111111111111
40.14083333333333, 35.33583333333333
36.757777777777775, 35.13166666666667
40.7475, 36.50222222222222
36.4025, 33.571666666666665
36.723333333333336, 34.72666666666667
36.63388888888889, 35.93055555555556
37.16111111111111, 36.20111111111111
40.14083333333333, 35.33583333333333
36.10194444444444, 32.61888888888889
36.63388888888889, 35.93055555555556
37.16111111111111, 36.20111111111111
40.14083333333333, 35.33583333333333
39.007777777777775, 35.952777777777776
36.4025, 33.571666666666665
36.723333333333336, 34.72666666666667
36.10194444444444, 32.61888888888889
37.16111111111111, 36.20111111111111
40.14083333333333, 35.33583333333333
39.007777777777775, 35.952777777777776
36.4025, 33.571666666666665
36.10194444444444, 32.61888888888889
37.16111111111111, 36.20111111111111
36.4025, 33.571666666666665
36.723333333333336, 34.72666666666667
36.10194444444444, 32.61888888888889
36.63388888888889, 35.93055555555556
37.16111111111111, 36.20111111111111
39.007777777777775, 35.952777777777776
36.723333333333336, 34.72666666666667
36.10194444444444, 32.61888888888889
36.63388888888889, 35.93055555555556
37.16111111111111, 36.20111111111111
40.14083333333333, 35.33583333333333
36.723333333333336, 34.72666666666667
36.10194444444444, 32.61888888888889
36.63388888888889, 35.93055555555556
37.16111111111111, 36.20111111111111
40.14083333333333, 35.33583333333333
39.007777777777775, 35.952777777777776
36.4025, 33.571666666666665
36.723333333333336, 34.72666666666667
36.63388888888889, 35.93055555555556
36.757777777777775, 35.13166666666667
36.4025, 33.571666666666665
36.723333333333336, 34.72666666666667
37.16111111111111, 36.20111111111111
36.56944444444444, 32.708888888888886
36.757777777777775, 35.13166666666667
40.7475, 36.50222222222222
36.4025, 33.571666666666665
36.723333333333336, 34.72666666666667
36.10194444444444, 32.61888888888889
37.16111111111111, 36.20111111111111
40.14083333333333, 35.33583333333333
40.7475, 36.50222222222222
36.723333333333336, 34.72666666666667
36.10194444444444, 32.61888888888889
37.16111111111111, 36.20111111111111
40.14083333333333, 35.33583333333333
36.757777777777775, 35.13166666666667
40.7475, 36.50222222222222
36.4025, 33.571666666666665
36.4025, 33.571666666666665
36.723333333333336, 34.72666666666667
36.63388888888889, 35.93055555555556
37.16111111111111, 36.20111111111111
40.14083333333333, 35.33583333333333
36.757777777777775, 35.13166666666667
36.4025, 33.571666666666665
36.723333333333336, 34.72666666666667
36.10194444444444, 32.61888888888889
36.63388888888889, 35.93055555555556
37.16111111111111, 36.20111111111111
40.14083333333333, 35.33583333333333
36.757777777777775, 35.13166666666667
35.79, 35.531666666666666
36.4025, 33.571666666666665
36.723333333333336, 34.72666666666667
36.63388888888889, 35.93055555555556
37.16111111111111, 36.20111111111111
40.14083333333333, 35.33583333333333
36.4025, 33.571666666666665
36.4025, 33.571666666666665
36.10194444444444, 32.61888888888889
36.63388888888889, 35.93055555555556
37.16111111111111, 36.20111111111111
40.14083333333333, 35.33583333333333
36.757777777777775, 35.13166666666667
36.833333333333336, 35.86666666666667
36.4025, 33.571666666666665
36.10194444444444, 32.61888888888889
39.007777777777775, 35.952777777777776
36.4025, 33.571666666666665
36.723333333333336, 34.72666666666667
40.14083333333333, 35.33583333333333
36.757777777777775, 35.13166666666667
36.723333333333336, 34.72666666666667
36.10194444444444, 32.61888888888889
37.16111111111111, 36.20111111111111
36.757777777777775, 35.13166666666667
36.4025, 33.571666666666665
36.10194444444444, 32.61888888888889
37.16111111111111, 36.20111111111111
40.14083333333333, 35.33583333333333
36.757777777777775, 35.13166666666667
36.4025, 33.571666666666665
37.16111111111111, 36.20111111111111
36.4025, 33.571666666666665
36.4025, 33.571666666666665
36.63388888888889, 35.93055555555556
37.16111111111111, 36.20111111111111
36.4025, 33.571666666666665
36.723333333333336, 34.72666666666667
36.63388888888889, 35.93055555555556
37.16111111111111, 36.20111111111111
36.723333333333336, 34.72666666666667
37.16111111111111, 36.20111111111111
40.14083333333333, 35.33583333333333
39.007777777777775, 35.952777777777776
9.563333333333333, 7.643888888888889
61.96666666666667, 25.916666666666668
39.09861111111111, -5.068888888888889
70.15194444444444, 34.52305555555556
69.16666666666667, 34.53333333333333
72.0, 36.75
68.8013888888889, 36.69305555555555
69.16666666666667, 34.53333333333333
89.16666666666667, 23.5
-54.82222222222222, -22.634166666666665
15.6625, 7.276388888888889
14.212777777777777, 12.778055555555556
14.189444444444444, 12.816666666666666
14.205555555555556, 11.106666666666667
33.803333333333335, 31.131944444444443
-1.1166666666666667, 52.666666666666664
-89.54583333333333, 14.8
-88.03333333333333, 15.5
-87.46527777777777, 13.825833333333334
77.67194444444445, 27.503333333333334
44.395833333333336, 33.67444444444445
44.40083333333333, 33.340555555555554
43.78611111111111, 33.355555555555554
43.86666666666667, 33.17888888888889
44.02472222222222, 32.615833333333335
44.40083333333333, 33.340555555555554
44.26833333333333, 33.52583333333333
43.78611111111111, 33.355555555555554
44.08222222222222, 33.294444444444444
36.474444444444444, 34.344166666666666
20.066666666666666, 32.11666666666667
13.187222222222223, 32.875
16.58861111111111, 31.20888888888889
20.066666666666666, 32.11666666666667
-97.32472222222222, 19.936944444444446
-97.22583333333333, 17.45916666666667
-4.576944444444445, 13.905833333333334
6.8838888888888885, 5.026666666666666
6.747222222222222, 5.006666666666667
5.622777777777777, 6.164444444444444
8.52138888888889, 7.733611111111111
13.458055555555555, 10.805277777777778
6.655555555555556, 5.341666666666667
9.250277777777777, 7.689166666666667
8.162777777777778, 6.053055555555556
12.480833333333333, 9.426388888888889
3.5516666666666667, 6.626388888888889
67.08194444444445, 24.905555555555555
45.35, 2.033333333333333
45.35, 2.033333333333333
23.418333333333333, 12.443888888888889
45.42666666666667, 2.1069444444444443
23.011388888888888, 12.565833333333334
45.35, 2.033333333333333
47.43083333333333, 6.769722222222223
45.15638888888889, 2.107222222222222
37.83833333333333, 36.775
27.966666666666665, 7.7
28.819166666666668, 40.985277777777775
44.020833333333336, 13.579444444444444
43.95805555555555, 13.498333333333333
44.020833333333336, 13.579444444444444
46.93222222222222, 14.08611111111111
44.260555555555555, 13.290555555555555
36.723333333333336, 34.72666666666667
36.10194444444444, 32.61888888888889
36.63388888888889, 35.93055555555556
37.16111111111111, 36.20111111111111
40.14083333333333, 35.33583333333333
39.007777777777775, 35.952777777777776
36.757777777777775, 35.13166666666667
35.79, 35.531666666666666
36.4025, 33.571666666666665
36.4025, 33.571666666666665
36.723333333333336, 34.72666666666667
36.63388888888889, 35.93055555555556
37.16111111111111, 36.20111111111111
36.63388888888889, 35.93055555555556
37.16111111111111, 36.20111111111111
40.14083333333333, 35.33583333333333
36.757777777777775, 35.13166666666667
36.4025, 33.571666666666665
36.4025, 33.571666666666665
36.723333333333336, 34.72666666666667
36.10194444444444, 32.61888888888889
36.63388888888889, 35.93055555555556
37.16111111111111, 36.20111111111111
40.14083333333333, 35.33583333333333
36.757777777777775, 35.13166666666667
36.723333333333336, 34.72666666666667
36.63388888888889, 35.93055555555556
37.16111111111111, 36.20111111111111
40.14083333333333, 35.33583333333333
36.757777777777775, 35.13166666666667
36.4025, 33.571666666666665
36.4025, 33.571666666666665
36.723333333333336, 34.72666666666667
36.63388888888889, 35.93055555555556
37.16111111111111, 36.20111111111111
40.14083333333333, 35.33583333333333
39.007777777777775, 35.952777777777776
36.757777777777775, 35.13166666666667
40.7475, 36.50222222222222
36.4025, 33.571666666666665
36.63388888888889, 35.93055555555556
37.16111111111111, 36.20111111111111
40.14083333333333, 35.33583333333333
36.63388888888889, 35.93055555555556
37.16111111111111, 36.20111111111111
40.14083333333333, 35.33583333333333
36.757777777777775, 35.13166666666667
40.7475, 36.50222222222222
36.723333333333336, 34.72666666666667
36.63388888888889, 35.93055555555556
37.16111111111111, 36.20111111111111
40.14083333333333, 35.33583333333333
36.4025, 33.571666666666665
37.16111111111111, 36.20111111111111
40.14083333333333, 35.33583333333333
36.4025, 33.571666666666665
36.723333333333336, 34.72666666666667
36.10194444444444, 32.61888888888889
36.63388888888889, 35.93055555555556
37.16111111111111, 36.20111111111111
40.14083333333333, 35.33583333333333
36.4025, 33.571666666666665
36.10194444444444, 32.61888888888889
36.63388888888889, 35.93055555555556
37.16111111111111, 36.20111111111111
40.14083333333333, 35.33583333333333
36.723333333333336, 34.72666666666667
36.63388888888889, 35.93055555555556
37.16111111111111, 36.20111111111111
40.14083333333333, 35.33583333333333
36.4025, 33.571666666666665
36.723333333333336, 34.72666666666667
36.10194444444444, 32.61888888888889
36.63388888888889, 35.93055555555556
37.16111111111111, 36.20111111111111
36.4025, 33.571666666666665
36.723333333333336, 34.72666666666667
36.10194444444444, 32.61888888888889
37.16111111111111, 36.20111111111111
39.007777777777775, 35.952777777777776
36.757777777777775, 35.13166666666667
36.4025, 33.571666666666665
36.63388888888889, 35.93055555555556
37.16111111111111, 36.20111111111111
36.4025, 33.571666666666665
36.63388888888889, 35.93055555555556
37.16111111111111, 36.20111111111111
40.14083333333333, 35.33583333333333
39.007777777777775, 35.952777777777776
36.757777777777775, 35.13166666666667
35.78333333333333, 33.03333333333333
36.4025, 33.571666666666665
36.723333333333336, 34.72666666666667
37.16111111111111, 36.20111111111111
40.14083333333333, 35.33583333333333
39.007777777777775, 35.952777777777776
36.757777777777775, 35.13166666666667
36.4025, 33.571666666666665
36.63388888888889, 35.93055555555556
37.16111111111111, 36.20111111111111
40.14083333333333, 35.33583333333333
36.757777777777775, 35.13166666666667
36.4025, 33.571666666666665
36.723333333333336, 34.72666666666667
36.10194444444444, 32.61888888888889
36.63388888888889, 35.93055555555556
37.16111111111111, 36.20111111111111
40.14083333333333, 35.33583333333333
39.007777777777775, 35.952777777777776
36.4025, 33.571666666666665
36.723333333333336, 34.72666666666667
36.63388888888889, 35.93055555555556
37.16111111111111, 36.20111111111111
40.14083333333333, 35.33583333333333
39.007777777777775, 35.952777777777776
36.757777777777775, 35.13166666666667
35.79, 35.531666666666666
36.4025, 33.571666666666665
36.723333333333336, 34.72666666666667
36.63388888888889, 35.93055555555556
37.16111111111111, 36.20111111111111
40.14083333333333, 35.33583333333333
36.4025, 33.571666666666665
37.16111111111111, 36.20111111111111
36.723333333333336, 34.72666666666667
36.10194444444444, 32.61888888888889
36.63388888888889, 35.93055555555556
37.16111111111111, 36.20111111111111
36.757777777777775, 35.13166666666667
36.4025, 33.571666666666665
36.723333333333336, 34.72666666666667
36.10194444444444, 32.61888888888889
36.63388888888889, 35.93055555555556
37.16111111111111, 36.20111111111111
40.14083333333333, 35.33583333333333
36.757777777777775, 35.13166666666667
36.4025, 33.571666666666665
36.10194444444444, 32.61888888888889
36.63388888888889, 35.93055555555556
37.16111111111111, 36.20111111111111
36.4025, 33.571666666666665
36.4025, 33.571666666666665
36.723333333333336, 34.72666666666667
36.10194444444444, 32.61888888888889
36.63388888888889, 35.93055555555556
37.16111111111111, 36.20111111111111
40.14083333333333, 35.33583333333333
39.007777777777775, 35.952777777777776
36.757777777777775, 35.13166666666667
36.4025, 33.571666666666665
36.723333333333336, 34.72666666666667
36.63388888888889, 35.93055555555556
37.16111111111111, 36.20111111111111
40.14083333333333, 35.33583333333333
36.4025, 33.571666666666665
36.4025, 33.571666666666665
36.723333333333336, 34.72666666666667
36.63388888888889, 35.93055555555556
37.16111111111111, 36.20111111111111
40.14083333333333, 35.33583333333333
40.7475, 36.50222222222222
36.4025, 33.571666666666665
36.4025, 33.571666666666665
36.723333333333336, 34.72666666666667
36.10194444444444, 32.61888888888889
36.63388888888889, 35.93055555555556
37.16111111111111, 36.20111111111111
9.563333333333333, 7.643888888888889
98.10777777777778, 23.02138888888889
66.34138888888889, 35.841944444444444
69.16666666666667, 34.53333333333333
29.366666666666667, -3.3833333333333333
89.16666666666667, 23.5
90.36666666666666, 23.7
20.730833333333333, 5.339722222222222
29.550555555555555, 0.41833333333333333
29.445833333333333, 1.1872222222222222
29.441388888888888, -1.3702777777777777
37.46666666666667, 12.6
7.265833333333333, 43.70305555555556
1.1044444444444443, 49.37777777777778
-90.44083333333333, 14.465277777777779
-88.03333333333333, 14.15
74.90027777777777, 33.89666666666667
44.40083333333333, 33.340555555555554
44.14555555555555, 34.014722222222225
44.40083333333333, 33.340555555555554
44.0, 33.0
44.40083333333333, 33.340555555555554
44.53333333333333, 33.808055555555555
44.31916666666667, 33.21472222222222
44.001666666666665, 35.632222222222225
139.35, 35.55
40.933055555555555, 2.773888888888889
104.91666666666667, 11.55
20.066666666666666, 32.11666666666667
99.14583333333333, 23.741666666666667
99.14583333333333, 23.741666666666667
-97.07722222222222, 15.870277777777778
-96.35888888888888, 18.4475
92.68333333333334, 16.783333333333335
100.63888888888889, 18.349166666666665
-98.25305555555556, 16.538055555555555
-4.601388888888889, 14.278333333333332
12.7575, 11.155833333333334
8.174722222222222, 5.805833333333333
14.465277777777779, 12.269166666666667
7.495, 9.057777777777778
8.926666666666666, 9.226666666666667
9.250277777777777, 7.689166666666667
72.04666666666667, 35.30861111111111
120.48333333333333, 14.483333333333333
45.35, 2.033333333333333
42.89611111111111, 3.4280555555555554
42.84, 2.815
45.35, 2.033333333333333
28.955, 41.01361111111111
30.523333333333333, 50.45
45.359722222222224, 15.43
18.42388888888889, 33.92527777777778
36.4025, 33.571666666666665
36.4025, 33.571666666666665
36.723333333333336, 34.72666666666667
36.10194444444444, 32.61888888888889
37.16111111111111, 36.20111111111111
40.14083333333333, 35.33583333333333
39.007777777777775, 35.952777777777776
36.4025, 33.571666666666665
36.723333333333336, 34.72666666666667
36.10194444444444, 32.61888888888889
37.16111111111111, 36.20111111111111
40.14083333333333, 35.33583333333333
36.4025, 33.571666666666665
36.723333333333336, 34.72666666666667
36.10194444444444, 32.61888888888889
36.63388888888889, 35.93055555555556
37.16111111111111, 36.20111111111111
40.14083333333333, 35.33583333333333
39.007777777777775, 35.952777777777776
36.4025, 33.571666666666665
36.4025, 33.571666666666665
36.723333333333336, 34.72666666666667
37.16111111111111, 36.20111111111111
40.14083333333333, 35.33583333333333
39.007777777777775, 35.952777777777776
36.757777777777775, 35.13166666666667
36.63388888888889, 35.93055555555556
37.16111111111111, 36.20111111111111
36.757777777777775, 35.13166666666667
36.4025, 33.571666666666665
36.10194444444444, 32.61888888888889
36.63388888888889, 35.93055555555556
37.16111111111111, 36.20111111111111
40.14083333333333, 35.33583333333333
36.4025, 33.571666666666665
36.723333333333336, 34.72666666666667
36.723333333333336, 34.72666666666667
36.63388888888889, 35.93055555555556
37.16111111111111, 36.20111111111111
36.4025, 33.571666666666665
36.4025, 33.571666666666665
36.63388888888889, 35.93055555555556
37.16111111111111, 36.20111111111111
36.723333333333336, 34.72666666666667
36.10194444444444, 32.61888888888889
37.16111111111111, 36.20111111111111
40.14083333333333, 35.33583333333333
36.757777777777775, 35.13166666666667
36.4025, 33.571666666666665
36.723333333333336, 34.72666666666667
36.63388888888889, 35.93055555555556
37.16111111111111, 36.20111111111111
40.14083333333333, 35.33583333333333
36.4025, 33.571666666666665
36.723333333333336, 34.72666666666667
36.10194444444444, 32.61888888888889
36.63388888888889, 35.93055555555556
37.16111111111111, 36.20111111111111
40.14083333333333, 35.33583333333333
39.007777777777775, 35.952777777777776
35.78333333333333, 33.03333333333333
36.4025, 33.571666666666665
36.4025, 33.571666666666665
36.723333333333336, 34.72666666666667
36.10194444444444, 32.61888888888889
36.63388888888889, 35.93055555555556
37.16111111111111, 36.20111111111111
40.14083333333333, 35.33583333333333
36.4025, 33.571666666666665
36.4025, 33.571666666666665
36.723333333333336, 34.72666666666667
36.63388888888889, 35.93055555555556
37.16111111111111, 36.20111111111111
36.4025, 33.571666666666665
36.723333333333336, 34.72666666666667
36.10194444444444, 32.61888888888889
36.63388888888889, 35.93055555555556
37.16111111111111, 36.20111111111111
40.14083333333333, 35.33583333333333
36.4025, 33.571666666666665
36.723333333333336, 34.72666666666667
36.10194444444444, 32.61888888888889
36.63388888888889, 35.93055555555556
37.16111111111111, 36.20111111111111
36.757777777777775, 35.13166666666667
36.4025, 33.571666666666665
36.723333333333336, 34.72666666666667
36.10194444444444, 32.61888888888889
36.63388888888889, 35.93055555555556
37.16111111111111, 36.20111111111111
36.4025, 33.571666666666665
36.723333333333336, 34.72666666666667
37.16111111111111, 36.20111111111111
40.14083333333333, 35.33583333333333
36.4025, 33.571666666666665
36.4025, 33.571666666666665
36.723333333333336, 34.72666666666667
36.10194444444444, 32.61888888888889
36.63388888888889, 35.93055555555556
37.16111111111111, 36.20111111111111
40.14083333333333, 35.33583333333333
36.4025, 33.571666666666665
36.723333333333336, 34.72666666666667
36.10194444444444, 32.61888888888889
36.63388888888889, 35.93055555555556
37.16111111111111, 36.20111111111111
40.14083333333333, 35.33583333333333
39.007777777777775, 35.952777777777776
36.4025, 33.571666666666665
36.723333333333336, 34.72666666666667
36.63388888888889, 35.93055555555556
37.16111111111111, 36.20111111111111
40.14083333333333, 35.33583333333333
36.4025, 33.571666666666665
36.723333333333336, 34.72666666666667
36.10194444444444, 32.61888888888889
36.63388888888889, 35.93055555555556
37.16111111111111, 36.20111111111111
36.4025, 33.571666666666665
36.4025, 33.571666666666665
36.723333333333336, 34.72666666666667
36.10194444444444, 32.61888888888889
36.63388888888889, 35.93055555555556
37.16111111111111, 36.20111111111111
40.14083333333333, 35.33583333333333
36.757777777777775, 35.13166666666667
36.4025, 33.571666666666665
36.4025, 33.571666666666665
36.10194444444444, 32.61888888888889
37.16111111111111, 36.20111111111111
40.14083333333333, 35.33583333333333
36.4025, 33.571666666666665
36.4025, 33.571666666666665
36.723333333333336, 34.72666666666667
36.10194444444444, 32.61888888888889
36.63388888888889, 35.93055555555556
37.16111111111111, 36.20111111111111
36.757777777777775, 35.13166666666667
36.4025, 33.571666666666665
36.723333333333336, 34.72666666666667
36.63388888888889, 35.93055555555556
37.16111111111111, 36.20111111111111
36.4025, 33.571666666666665
36.723333333333336, 34.72666666666667
36.10194444444444, 32.61888888888889
36.63388888888889, 35.93055555555556
37.16111111111111, 36.20111111111111
40.14083333333333, 35.33583333333333
39.007777777777775, 35.952777777777776
36.757777777777775, 35.13166666666667
36.4025, 33.571666666666665
36.723333333333336, 34.72666666666667
36.63388888888889, 35.93055555555556
37.16111111111111, 36.20111111111111
36.4025, 33.571666666666665
36.10194444444444, 32.61888888888889
36.63388888888889, 35.93055555555556
37.16111111111111, 36.20111111111111
40.14083333333333, 35.33583333333333
39.007777777777775, 35.952777777777776
36.4025, 33.571666666666665
36.4025, 33.571666666666665
36.723333333333336, 34.72666666666667
36.63388888888889, 35.93055555555556
37.16111111111111, 36.20111111111111
40.14083333333333, 35.33583333333333
39.007777777777775, 35.952777777777776
36.757777777777775, 35.13166666666667
36.723333333333336, 34.72666666666667
36.10194444444444, 32.61888888888889
36.63388888888889, 35.93055555555556
37.16111111111111, 36.20111111111111
-101.14305555555555, 19.995833333333334
37.08833333333333, 7.7075
45.35, 2.033333333333333
31.58222222222222, 4.851388888888889
69.8125, 33.789722222222224
69.16666666666667, 34.53333333333333
-67.44361111111111, -17.488333333333333
28.54138888888889, -1.135
29.44611111111111, -1.1855555555555555
29.473055555555554, 0.4911111111111111
24.419166666666666, 3.3994444444444443
36.55305555555555, 9.052222222222222
37.38361111111111, 11.5875
90.27277777777778, 26.400833333333335
74.99888888888889, 34.01861111111111
43.11083333333333, 36.281666666666666
43.48861111111111, 34.92888888888889
43.92611111111111, 33.03388888888889
44.02472222222222, 32.615833333333335
44.0, 33.0
20.066666666666666, 32.11666666666667
98.1575, 18.746666666666666
-99.50555555555556, 17.550555555555555
107.38777777777777, 24.790277777777778
-96.73388888888888, 19.624166666666667
-3.4, 14.7
35.31722222222222, -17.900833333333335
5.229166666666667, 7.715833333333333
12.077777777777778, 9.356388888888889
8.268055555555556, 9.3825
14.032777777777778, 12.21861111111111
7.0, 9.0
7.0, 9.0
6.062222222222222, 12.568333333333333
67.00944444444444, 30.198888888888888
67.00944444444444, 30.198888888888888
121.0, 14.583333333333334
-56.51444444444444, -22.121944444444445
44.1275, 17.493055555555557
25.903333333333332, 11.573888888888888
24.155277777777776, 13.147222222222222
32.540277777777774, 10.461944444444445
46.382222222222225, 4.437222222222222
45.35, 2.033333333333333
45.35, 2.033333333333333
45.35, 2.033333333333333
47.43083333333333, 6.769722222222223
45.35, 2.033333333333333
45.35, 2.033333333333333
40.21722222222222, 37.91361111111111
37.3825, 37.059444444444445
-67.5911111111111, 10.235277777777778
44.41777777777778, 15.618055555555555
44.20666666666666, 15.354722222222222
43.43388888888889, 16.773055555555555
43.04833333333333, 16.02138888888889
44.41777777777778, 15.618055555555555
43.763888888888886, 16.94
43.763888888888886, 16.94
36.4025, 33.571666666666665
36.10194444444444, 32.61888888888889
36.63388888888889, 35.93055555555556
37.16111111111111, 36.20111111111111
36.4025, 33.571666666666665
36.4025, 33.571666666666665
36.10194444444444, 32.61888888888889
36.63388888888889, 35.93055555555556
37.16111111111111, 36.20111111111111
36.4025, 33.571666666666665
36.723333333333336, 34.72666666666667
36.63388888888889, 35.93055555555556
37.16111111111111, 36.20111111111111
36.757777777777775, 35.13166666666667
36.4025, 33.571666666666665
36.723333333333336, 34.72666666666667
36.10194444444444, 32.61888888888889
36.63388888888889, 35.93055555555556
37.16111111111111, 36.20111111111111
40.14083333333333, 35.33583333333333
36.757777777777775, 35.13166666666667
36.4025, 33.571666666666665
36.4025, 33.571666666666665
36.10194444444444, 32.61888888888889
36.63388888888889, 35.93055555555556
37.16111111111111, 36.20111111111111
36.4025, 33.571666666666665
36.10194444444444, 32.61888888888889
36.63388888888889, 35.93055555555556
37.16111111111111, 36.20111111111111
36.4025, 33.571666666666665
36.10194444444444, 32.61888888888889
36.63388888888889, 35.93055555555556
37.16111111111111, 36.20111111111111
40.14083333333333, 35.33583333333333
36.757777777777775, 35.13166666666667
36.4025, 33.571666666666665
36.4025, 33.571666666666665
36.723333333333336, 34.72666666666667
37.16111111111111, 36.20111111111111
40.14083333333333, 35.33583333333333
39.007777777777775, 35.952777777777776
36.4025, 33.571666666666665
36.723333333333336, 34.72666666666667
36.10194444444444, 32.61888888888889
36.63388888888889, 35.93055555555556
37.16111111111111, 36.20111111111111
40.14083333333333, 35.33583333333333
36.757777777777775, 35.13166666666667
36.4025, 33.571666666666665
36.723333333333336, 34.72666666666667
36.10194444444444, 32.61888888888889
36.63388888888889, 35.93055555555556
37.16111111111111, 36.20111111111111
36.757777777777775, 35.13166666666667
36.4025, 33.571666666666665
36.723333333333336, 34.72666666666667
36.10194444444444, 32.61888888888889
36.63388888888889, 35.93055555555556
37.16111111111111, 36.20111111111111
40.14083333333333, 35.33583333333333
39.007777777777775, 35.952777777777776
36.4025, 33.571666666666665
36.4025, 33.571666666666665
36.723333333333336, 34.72666666666667
36.63388888888889, 35.93055555555556
37.16111111111111, 36.20111111111111
40.14083333333333, 35.33583333333333
39.007777777777775, 35.952777777777776
36.4025, 33.571666666666665
36.723333333333336, 34.72666666666667
36.63388888888889, 35.93055555555556
37.16111111111111, 36.20111111111111
36.4025, 33.571666666666665
36.723333333333336, 34.72666666666667
36.63388888888889, 35.93055555555556
37.16111111111111, 36.20111111111111
36.4025, 33.571666666666665
36.723333333333336, 34.72666666666667
36.10194444444444, 32.61888888888889
37.16111111111111, 36.20111111111111
36.757777777777775, 35.13166666666667
36.4025, 33.571666666666665
36.723333333333336, 34.72666666666667
36.10194444444444, 32.61888888888889
36.63388888888889, 35.93055555555556
37.16111111111111, 36.20111111111111
40.14083333333333, 35.33583333333333
36.4025, 33.571666666666665
36.723333333333336, 34.72666666666667
36.63388888888889, 35.93055555555556
37.16111111111111, 36.20111111111111
36.4025, 33.571666666666665
36.723333333333336, 34.72666666666667
36.10194444444444, 32.61888888888889
36.63388888888889, 35.93055555555556
37.16111111111111, 36.20111111111111
40.14083333333333, 35.33583333333333
39.007777777777775, 35.952777777777776
40.7475, 36.50222222222222
36.4025, 33.571666666666665
36.723333333333336, 34.72666666666667
36.63388888888889, 35.93055555555556
37.16111111111111, 36.20111111111111
40.14083333333333, 35.33583333333333
36.757777777777775, 35.13166666666667
40.7475, 36.50222222222222
36.4025, 33.571666666666665
36.723333333333336, 34.72666666666667
36.10194444444444, 32.61888888888889
36.63388888888889, 35.93055555555556
37.16111111111111, 36.20111111111111
36.757777777777775, 35.13166666666667
40.7475, 36.50222222222222
36.4025, 33.571666666666665
36.4025, 33.571666666666665
36.723333333333336, 34.72666666666667
36.63388888888889, 35.93055555555556
37.16111111111111, 36.20111111111111
36.4025, 33.571666666666665
36.4025, 33.571666666666665
36.723333333333336, 34.72666666666667
36.63388888888889, 35.93055555555556
37.16111111111111, 36.20111111111111
40.14083333333333, 35.33583333333333
36.757777777777775, 35.13166666666667
36.4025, 33.571666666666665
36.723333333333336, 34.72666666666667
36.10194444444444, 32.61888888888889
36.63388888888889, 35.93055555555556
37.16111111111111, 36.20111111111111
40.14083333333333, 35.33583333333333
36.4025, 33.571666666666665
36.10194444444444, 32.61888888888889
36.63388888888889, 35.93055555555556
37.16111111111111, 36.20111111111111
40.14083333333333, 35.33583333333333
36.4025, 33.571666666666665
36.723333333333336, 34.72666666666667
36.10194444444444, 32.61888888888889
37.16111111111111, 36.20111111111111
36.723333333333336, 34.72666666666667
36.63388888888889, 35.93055555555556
37.16111111111111, 36.20111111111111
36.723333333333336, 34.72666666666667
36.63388888888889, 35.93055555555556
37.16111111111111, 36.20111111111111
36.4025, 33.571666666666665
36.723333333333336, 34.72666666666667
36.63388888888889, 35.93055555555556
37.16111111111111, 36.20111111111111
36.757777777777775, 35.13166666666667
36.4025, 33.571666666666665
36.4025, 33.571666666666665
36.723333333333336, 34.72666666666667
36.10194444444444, 32.61888888888889
36.63388888888889, 35.93055555555556
37.16111111111111, 36.20111111111111
40.14083333333333, 35.33583333333333
36.757777777777775, 35.13166666666667
36.4025, 33.571666666666665
36.4025, 33.571666666666665
36.723333333333336, 34.72666666666667
36.10194444444444, 32.61888888888889
36.63388888888889, 35.93055555555556
37.16111111111111, 36.20111111111111
36.4025, 33.571666666666665
36.723333333333336, 34.72666666666667
36.63388888888889, 35.93055555555556
37.16111111111111, 36.20111111111111
40.14083333333333, 35.33583333333333
36.757777777777775, 35.13166666666667
14.96888888888889, -11.818055555555556
69.16666666666667, 34.53333333333333
-42.85944444444444, -22.744444444444444
-49.21527777777778, -18.419166666666666
19.18722222222222, 6.989444444444445
27.795277777777777, -12.2025
15.313333333333333, -4.3275
28.844444444444445, -0.4213888888888889
22.41638888888889, -5.896111111111111
-73.5, 9.333333333333334
-76.2625, 3.1727777777777777
34.11055555555556, 31.211666666666666
38.74, 9.03
74.05083333333333, 34.080555555555556
44.40083333333333, 33.340555555555554
44.53611111111111, 34.581944444444446
44.40083333333333, 33.340555555555554
44.40083333333333, 33.340555555555554
44.40083333333333, 33.340555555555554
43.67861111111111, 34.61555555555555
44.40083333333333, 33.340555555555554
44.40083333333333, 33.340555555555554
35.945, 31.955
15.9475, 29.126666666666665
-98.05472222222222, 20.17361111111111
-97.45944444444444, 20.533055555555556
-101.5813888888889, 20.09888888888889
33.72944444444445, -16.115277777777777
13.116666666666667, 13.670833333333333
13.06638888888889, 10.914722222222222
12.976111111111111, 11.503055555555555
9.553055555555556, 7.289444444444444
6.655555555555556, 5.341666666666667
3.5516666666666667, 6.626388888888889
72.0525, 34.20194444444444
71.57833333333333, 34.007777777777775
71.55361111111111, 34.40111111111111
64.20361111111112, 26.7375
125.57166666666667, 7.057777777777778
37.61666666666667, 55.75
41.983333333333334, 45.05
24.0925, 13.648055555555555
24.663055555555555, 14.215
45.12111111111111, 2.1380555555555554
43.07277777777778, 2.8075
47.43, 6.779722222222222
45.35, 2.033333333333333
45.35, 2.033333333333333
45.35, 2.033333333333333
44.21111111111111, 15.693888888888889
43.94361111111111, 15.659166666666666
44.24638888888889, 15.799444444444445
42.83222222222222, 16.156944444444445
42.95444444444445, 14.797777777777778
42.95444444444445, 14.797777777777778
44.18333333333333, 13.966666666666667
43.25, 16.916666666666668
36.723333333333336, 34.72666666666667
36.10194444444444, 32.61888888888889
36.63388888888889, 35.93055555555556
37.16111111111111, 36.20111111111111
40.14083333333333, 35.33583333333333
36.757777777777775, 35.13166666666667
36.4025, 33.571666666666665
36.10194444444444, 32.61888888888889
36.63388888888889, 35.93055555555556
37.16111111111111, 36.20111111111111
36.757777777777775, 35.13166666666667
36.723333333333336, 34.72666666666667
36.10194444444444, 32.61888888888889
37.16111111111111, 36.20111111111111
36.757777777777775, 35.13166666666667
36.4025, 33.571666666666665
36.10194444444444, 32.61888888888889
36.63388888888889, 35.93055555555556
37.16111111111111, 36.20111111111111
36.757777777777775, 35.13166666666667
36.723333333333336, 34.72666666666667
36.63388888888889, 35.93055555555556
37.16111111111111, 36.20111111111111
40.14083333333333, 35.33583333333333
36.757777777777775, 35.13166666666667
36.723333333333336, 34.72666666666667
36.10194444444444, 32.61888888888889
36.63388888888889, 35.93055555555556
37.16111111111111, 36.20111111111111
36.757777777777775, 35.13166666666667
36.4025, 33.571666666666665
36.10194444444444, 32.61888888888889
36.63388888888889, 35.93055555555556
37.16111111111111, 36.20111111111111
40.14083333333333, 35.33583333333333
36.757777777777775, 35.13166666666667
36.4025, 33.571666666666665
36.723333333333336, 34.72666666666667
36.63388888888889, 35.93055555555556
37.16111111111111, 36.20111111111111
36.757777777777775, 35.13166666666667
36.4025, 33.571666666666665
36.10194444444444, 32.61888888888889
36.63388888888889, 35.93055555555556
37.16111111111111, 36.20111111111111
40.14083333333333, 35.33583333333333
36.757777777777775, 35.13166666666667
36.4025, 33.571666666666665
36.10194444444444, 32.61888888888889
36.63388888888889, 35.93055555555556
37.16111111111111, 36.20111111111111
36.757777777777775, 35.13166666666667
36.4025, 33.571666666666665
36.10194444444444, 32.61888888888889
37.16111111111111, 36.20111111111111
36.4025, 33.571666666666665
36.723333333333336, 34.72666666666667
36.10194444444444, 32.61888888888889
37.16111111111111, 36.20111111111111
36.723333333333336, 34.72666666666667
36.10194444444444, 32.61888888888889
37.16111111111111, 36.20111111111111
40.14083333333333, 35.33583333333333
36.4025, 33.571666666666665
36.723333333333336, 34.72666666666667
36.63388888888889, 35.93055555555556
37.16111111111111, 36.20111111111111
40.14083333333333, 35.33583333333333
35.78333333333333, 33.03333333333333
36.4025, 33.571666666666665
36.63388888888889, 35.93055555555556
37.16111111111111, 36.20111111111111
36.757777777777775, 35.13166666666667
36.4025, 33.571666666666665
36.723333333333336, 34.72666666666667
36.63388888888889, 35.93055555555556
37.16111111111111, 36.20111111111111
40.14083333333333, 35.33583333333333
39.007777777777775, 35.952777777777776
36.757777777777775, 35.13166666666667
36.723333333333336, 34.72666666666667
36.10194444444444, 32.61888888888889
36.63388888888889, 35.93055555555556
37.16111111111111, 36.20111111111111
40.14083333333333, 35.33583333333333
36.757777777777775, 35.13166666666667
36.4025, 33.571666666666665
36.10194444444444, 32.61888888888889
37.16111111111111, 36.20111111111111
40.14083333333333, 35.33583333333333
36.723333333333336, 34.72666666666667
36.10194444444444, 32.61888888888889
36.63388888888889, 35.93055555555556
37.16111111111111, 36.20111111111111
40.14083333333333, 35.33583333333333
36.4025, 33.571666666666665
36.723333333333336, 34.72666666666667
36.10194444444444, 32.61888888888889
36.63388888888889, 35.93055555555556
37.16111111111111, 36.20111111111111
40.14083333333333, 35.33583333333333
36.757777777777775, 35.13166666666667
36.10194444444444, 32.61888888888889
36.63388888888889, 35.93055555555556
37.16111111111111, 36.20111111111111
36.757777777777775, 35.13166666666667
36.723333333333336, 34.72666666666667
36.10194444444444, 32.61888888888889
37.16111111111111, 36.20111111111111
36.63388888888889, 35.93055555555556
37.16111111111111, 36.20111111111111
36.757777777777775, 35.13166666666667
36.4025, 33.571666666666665
36.723333333333336, 34.72666666666667
36.10194444444444, 32.61888888888889
36.63388888888889, 35.93055555555556
37.16111111111111, 36.20111111111111
36.757777777777775, 35.13166666666667
36.723333333333336, 34.72666666666667
36.10194444444444, 32.61888888888889
37.16111111111111, 36.20111111111111
35.78333333333333, 33.03333333333333
36.723333333333336, 34.72666666666667
37.16111111111111, 36.20111111111111
40.14083333333333, 35.33583333333333
36.757777777777775, 35.13166666666667
36.723333333333336, 34.72666666666667
36.10194444444444, 32.61888888888889
36.63388888888889, 35.93055555555556
37.16111111111111, 36.20111111111111
36.757777777777775, 35.13166666666667
36.4025, 33.571666666666665
36.723333333333336, 34.72666666666667
36.63388888888889, 35.93055555555556
37.16111111111111, 36.20111111111111
40.14083333333333, 35.33583333333333
36.757777777777775, 35.13166666666667
36.4025, 33.571666666666665
36.723333333333336, 34.72666666666667
36.10194444444444, 32.61888888888889
36.63388888888889, 35.93055555555556
37.16111111111111, 36.20111111111111
36.757777777777775, 35.13166666666667
-102.62138888888889, 20.045277777777777
18.511111111111113, 3.102777777777778
65.37277777777778, 36.00416666666667
69.16666666666667, 34.53333333333333
66.89694444444444, 36.75611111111111
65.37277777777778, 36.00416666666667
65.25083333333333, 34.519444444444446
70.44777777777777, 34.43416666666667
-52.20638888888889, -3.203333333333333
60.67333333333333, 2.819722222222222
-63.903888888888886, -8.761944444444444
18.55472222222222, 4.361111111111111
19.18722222222222, 6.989444444444445
29.534166666666668, 0.45916666666666667
29.466944444444444, 0.49
29.093333333333334, -4.099166666666667
26.914166666666667, -6.0525
-91.98138888888889, 15.641111111111112
-86.0, 15.683333333333334
74.26583333333333, 34.531666666666666
44.40083333333333, 33.340555555555554
44.40083333333333, 33.340555555555554
44.40083333333333, 33.340555555555554
44.51111111111111, 34.23916666666667
44.52027777777778, 33.85111111111111
44.40083333333333, 33.340555555555554
44.0, 33.0
43.2275, 35.62861111111111
44.07055555555556, 35.67472222222222
44.44888888888889, 35.13916666666667
43.31111111111111, 36.10027777777778
43.11888888888889, 36.335
43.11888888888889, 36.335
43.253055555555555, 36.15888888888889
44.40083333333333, 33.340555555555554
43.2275, 35.62861111111111
44.40083333333333, 33.340555555555554
41.85388888888889, 3.939166666666667
41.78861111111111, 3.8377777777777777
41.85666666666667, 3.937222222222222
41.85722222222222, 3.9375
20.066666666666666, 32.11666666666667
20.066666666666666, 32.11666666666667
-99.60166666666667, 19.259166666666665
92.37611111111111, 21.003611111111113
92.37611111111111, 21.003611111111113
32.583333333333336, -25.466666666666665
13.160277777777777, 11.846388888888889
7.3116666666666665, 11.523333333333333
8.268055555555556, 9.3825
7.75, 10.333333333333334
9.553055555555556, 7.289444444444444
13.160277777777777, 11.846388888888889
6.740277777777778, 7.796666666666667
67.93083333333334, 29.114166666666666
72.93388888888889, 33.999722222222225
44.695277777777775, 1.8080555555555555
42.284166666666664, 2.3383333333333334
44.98833333333333, 4.1947222222222225
45.35, 2.033333333333333
101.40972222222223, 6.718611111111111
43.591388888888886, 37.685
43.99583333333333, 38.66277777777778
40.07083333333333, 38.37111111111111
44.020833333333336, 13.579444444444444
44.20666666666666, 15.354722222222222
44.0, 13.366666666666667
42.84166666666667, 15.4
36.4025, 33.571666666666665
36.723333333333336, 34.72666666666667
36.10194444444444, 32.61888888888889
36.63388888888889, 35.93055555555556
37.16111111111111, 36.20111111111111
36.757777777777775, 35.13166666666667
36.4025, 33.571666666666665
36.723333333333336, 34.72666666666667
36.10194444444444, 32.61888888888889
36.63388888888889, 35.93055555555556
37.16111111111111, 36.20111111111111
36.4025, 33.571666666666665
36.723333333333336, 34.72666666666667
36.10194444444444, 32.61888888888889
37.16111111111111, 36.20111111111111
36.757777777777775, 35.13166666666667
36.4025, 33.571666666666665
36.10194444444444, 32.61888888888889
36.63388888888889, 35.93055555555556
37.16111111111111, 36.20111111111111
36.757777777777775, 35.13166666666667
36.4025, 33.571666666666665
36.723333333333336, 34.72666666666667
37.16111111111111, 36.20111111111111
40.14083333333333, 35.33583333333333
36.757777777777775, 35.13166666666667
36.4025, 33.571666666666665
36.4025, 33.571666666666665
36.723333333333336, 34.72666666666667
36.10194444444444, 32.61888888888889
37.16111111111111, 36.20111111111111
40.14083333333333, 35.33583333333333
36.757777777777775, 35.13166666666667
36.723333333333336, 34.72666666666667
36.10194444444444, 32.61888888888889
36.63388888888889, 35.93055555555556
37.16111111111111, 36.20111111111111
36.10194444444444, 32.61888888888889
37.16111111111111, 36.20111111111111
40.14083333333333, 35.33583333333333
36.757777777777775, 35.13166666666667
36.4025, 33.571666666666665
36.4025, 33.571666666666665
36.10194444444444, 32.61888888888889
36.63388888888889, 35.93055555555556
37.16111111111111, 36.20111111111111
36.4025, 33.571666666666665
36.723333333333336, 34.72666666666667
36.10194444444444, 32.61888888888889
36.63388888888889, 35.93055555555556
37.16111111111111, 36.20111111111111
40.14083333333333, 35.33583333333333
36.4025, 33.571666666666665
36.4025, 33.571666666666665
36.723333333333336, 34.72666666666667
36.63388888888889, 35.93055555555556
37.16111111111111, 36.20111111111111
36.757777777777775, 35.13166666666667
36.4025, 33.571666666666665
36.4025, 33.571666666666665
36.723333333333336, 34.72666666666667
36.10194444444444, 32.61888888888889
36.63388888888889, 35.93055555555556
37.16111111111111, 36.20111111111111
36.757777777777775, 35.13166666666667
36.4025, 33.571666666666665
36.723333333333336, 34.72666666666667
36.10194444444444, 32.61888888888889
36.63388888888889, 35.93055555555556
37.16111111111111, 36.20111111111111
36.757777777777775, 35.13166666666667
36.4025, 33.571666666666665
36.10194444444444, 32.61888888888889
36.63388888888889, 35.93055555555556
37.16111111111111, 36.20111111111111
36.757777777777775, 35.13166666666667
36.723333333333336, 34.72666666666667
37.16111111111111, 36.20111111111111
36.757777777777775, 35.13166666666667
36.4025, 33.571666666666665
36.723333333333336, 34.72666666666667
36.10194444444444, 32.61888888888889
36.63388888888889, 35.93055555555556
37.16111111111111, 36.20111111111111
36.4025, 33.571666666666665
36.723333333333336, 34.72666666666667
36.10194444444444, 32.61888888888889
36.63388888888889, 35.93055555555556
37.16111111111111, 36.20111111111111
36.757777777777775, 35.13166666666667
36.4025, 33.571666666666665
36.723333333333336, 34.72666666666667
36.10194444444444, 32.61888888888889
37.16111111111111, 36.20111111111111
40.14083333333333, 35.33583333333333
35.78333333333333, 33.03333333333333
36.4025, 33.571666666666665
36.10194444444444, 32.61888888888889
37.16111111111111, 36.20111111111111
36.757777777777775, 35.13166666666667
36.4025, 33.571666666666665
36.10194444444444, 32.61888888888889
36.63388888888889, 35.93055555555556
37.16111111111111, 36.20111111111111
36.757777777777775, 35.13166666666667
35.79, 35.531666666666666
36.723333333333336, 34.72666666666667
36.10194444444444, 32.61888888888889
36.63388888888889, 35.93055555555556
37.16111111111111, 36.20111111111111
36.723333333333336, 34.72666666666667
36.10194444444444, 32.61888888888889
37.16111111111111, 36.20111111111111
40.14083333333333, 35.33583333333333
36.757777777777775, 35.13166666666667
36.63388888888889, 35.93055555555556
37.16111111111111, 36.20111111111111
40.14083333333333, 35.33583333333333
36.757777777777775, 35.13166666666667
36.4025, 33.571666666666665
36.723333333333336, 34.72666666666667
36.10194444444444, 32.61888888888889
36.63388888888889, 35.93055555555556
37.16111111111111, 36.20111111111111
39.007777777777775, 35.952777777777776
36.757777777777775, 35.13166666666667
36.4025, 33.571666666666665
36.723333333333336, 34.72666666666667
36.63388888888889, 35.93055555555556
37.16111111111111, 36.20111111111111
36.757777777777775, 35.13166666666667
36.723333333333336, 34.72666666666667
36.10194444444444, 32.61888888888889
36.63388888888889, 35.93055555555556
37.16111111111111, 36.20111111111111
36.757777777777775, 35.13166666666667
36.4025, 33.571666666666665
36.4025, 33.571666666666665
36.723333333333336, 34.72666666666667
37.16111111111111, 36.20111111111111
36.4025, 33.571666666666665
36.723333333333336, 34.72666666666667
36.63388888888889, 35.93055555555556
37.16111111111111, 36.20111111111111
36.757777777777775, 35.13166666666667
36.4025, 33.571666666666665
36.723333333333336, 34.72666666666667
36.10194444444444, 32.61888888888889
36.63388888888889, 35.93055555555556
37.16111111111111, 36.20111111111111
36.723333333333336, 34.72666666666667
36.10194444444444, 32.61888888888889
36.63388888888889, 35.93055555555556
37.16111111111111, 36.20111111111111
40.14083333333333, 35.33583333333333
36.757777777777775, 35.13166666666667
36.4025, 33.571666666666665
36.723333333333336, 34.72666666666667
37.16111111111111, 36.20111111111111
40.14083333333333, 35.33583333333333
43.11888888888889, 36.335
43.11888888888889, 36.335
34.83888888888889, 19.843611111111112
74.0775, 33.48222222222222
65.99027777777778, 10.301111111111112
68.36805555555556, 34.75388888888889
64.8561111111111, 36.05416666666667
69.16666666666667, 34.53333333333333
-63.38527777777778, 3.5777777777777775
21.98611111111111, 6.542222222222222
23.592777777777776, 6.1241666666666665
29.233333333333334, -0.16666666666666666
75.10916666666667, 32.575
43.693888888888885, 34.71111111111111
43.67861111111111, 34.61555555555555
43.87388888888889, 34.195277777777775
43.11888888888889, 36.335
43.11888888888889, 36.335
43.11888888888889, 36.335
43.488055555555555, 32.56666666666667
44.0, 33.0
43.86361111111111, 33.163333333333334
44.40083333333333, 33.340555555555554
44.40083333333333, 33.340555555555554
44.419444444444444, 32.46361111111111
43.11888888888889, 36.335
43.11888888888889, 36.335
14.428333333333333, 27.0375
13.187222222222223, 32.875
-99.3711111111111, 17.618333333333332
6.175277777777778, 13.67388888888889
13.160277777777777, 11.846388888888889
6.683055555555556, 10.115277777777777
5.271944444444444, 6.395833333333333
6.278888888888889, 11.538055555555555
8.294166666666667, 10.229722222222222
8.516666666666667, 12.0
13.617222222222223, 12.578333333333333
6.683055555555556, 10.115277777777777
4.541944444444445, 8.49638888888889
6.793611111111111, 12.811388888888889
66.58694444444444, 27.486666666666668
124.85583333333334, 10.65
25.14, 11.275277777777777
25.14, 11.275277777777777
45.35, 2.033333333333333
44.51111111111111, 4.018888888888889
45.35, 2.033333333333333
42.548611111111114, 0.3602777777777778
45.35, 2.033333333333333
46.62388888888889, 6.139166666666666
45.35, 2.033333333333333
45.35, 2.033333333333333
45.35, 2.033333333333333
15.068888888888889, 12.121666666666666
40.21722222222222, 37.91361111111111
40.74333333333333, 37.31305555555556
30.083333333333332, 0.18333333333333332
44.020833333333336, 13.579444444444444
42.83138888888889, 16.247222222222224
43.00861111111111, 14.854722222222222
36.4025, 33.571666666666665
36.723333333333336, 34.72666666666667
36.10194444444444, 32.61888888888889
36.63388888888889, 35.93055555555556
37.16111111111111, 36.20111111111111
36.4025, 33.571666666666665
36.63388888888889, 35.93055555555556
37.16111111111111, 36.20111111111111
40.14083333333333, 35.33583333333333
36.757777777777775, 35.13166666666667
36.4025, 33.571666666666665
36.723333333333336, 34.72666666666667
36.10194444444444, 32.61888888888889
36.63388888888889, 35.93055555555556
37.16111111111111, 36.20111111111111
40.14083333333333, 35.33583333333333
36.757777777777775, 35.13166666666667
36.4025, 33.571666666666665
36.10194444444444, 32.61888888888889
36.63388888888889, 35.93055555555556
37.16111111111111, 36.20111111111111
36.4025, 33.571666666666665
36.723333333333336, 34.72666666666667
36.63388888888889, 35.93055555555556
37.16111111111111, 36.20111111111111
36.757777777777775, 35.13166666666667
35.78333333333333, 33.03333333333333
36.4025, 33.571666666666665
36.4025, 33.571666666666665
36.723333333333336, 34.72666666666667
36.10194444444444, 32.61888888888889
36.63388888888889, 35.93055555555556
37.16111111111111, 36.20111111111111
36.4025, 33.571666666666665
36.723333333333336, 34.72666666666667
36.63388888888889, 35.93055555555556
37.16111111111111, 36.20111111111111
40.14083333333333, 35.33583333333333
36.4025, 33.571666666666665
36.723333333333336, 34.72666666666667
36.10194444444444, 32.61888888888889
36.63388888888889, 35.93055555555556
37.16111111111111, 36.20111111111111
40.14083333333333, 35.33583333333333
36.757777777777775, 35.13166666666667
40.7475, 36.50222222222222
36.4025, 33.571666666666665
36.63388888888889, 35.93055555555556
37.16111111111111, 36.20111111111111
39.007777777777775, 35.952777777777776
36.4025, 33.571666666666665
36.723333333333336, 34.72666666666667
37.16111111111111, 36.20111111111111
36.757777777777775, 35.13166666666667
36.4025, 33.571666666666665
36.63388888888889, 35.93055555555556
37.16111111111111, 36.20111111111111
36.4025, 33.571666666666665
36.723333333333336, 34.72666666666667
36.10194444444444, 32.61888888888889
36.63388888888889, 35.93055555555556
37.16111111111111, 36.20111111111111
36.4025, 33.571666666666665
36.723333333333336, 34.72666666666667
36.63388888888889, 35.93055555555556
37.16111111111111, 36.20111111111111
36.757777777777775, 35.13166666666667
36.4025, 33.571666666666665
36.723333333333336, 34.72666666666667
37.16111111111111, 36.20111111111111
36.757777777777775, 35.13166666666667
37.16111111111111, 36.20111111111111
36.4025, 33.571666666666665
36.63388888888889, 35.93055555555556
37.16111111111111, 36.20111111111111
36.757777777777775, 35.13166666666667
36.723333333333336, 34.72666666666667
37.16111111111111, 36.20111111111111
36.4025, 33.571666666666665
36.723333333333336, 34.72666666666667
37.16111111111111, 36.20111111111111
36.757777777777775, 35.13166666666667
36.4025, 33.571666666666665
36.4025, 33.571666666666665
36.10194444444444, 32.61888888888889
36.63388888888889, 35.93055555555556
37.16111111111111, 36.20111111111111
36.757777777777775, 35.13166666666667
36.4025, 33.571666666666665
36.723333333333336, 34.72666666666667
36.10194444444444, 32.61888888888889
36.63388888888889, 35.93055555555556
37.16111111111111, 36.20111111111111
40.14083333333333, 35.33583333333333
36.4025, 33.571666666666665
36.4025, 33.571666666666665
36.723333333333336, 34.72666666666667
36.63388888888889, 35.93055555555556
37.16111111111111, 36.20111111111111
36.723333333333336, 34.72666666666667
36.63388888888889, 35.93055555555556
37.16111111111111, 36.20111111111111
39.007777777777775, 35.952777777777776
36.757777777777775, 35.13166666666667
36.4025, 33.571666666666665
36.4025, 33.571666666666665
36.723333333333336, 34.72666666666667
36.10194444444444, 32.61888888888889
36.63388888888889, 35.93055555555556
37.16111111111111, 36.20111111111111
39.007777777777775, 35.952777777777776
36.757777777777775, 35.13166666666667
36.4025, 33.571666666666665
36.63388888888889, 35.93055555555556
37.16111111111111, 36.20111111111111
36.757777777777775, 35.13166666666667
36.4025, 33.571666666666665
36.10194444444444, 32.61888888888889
37.16111111111111, 36.20111111111111
36.757777777777775, 35.13166666666667
36.4025, 33.571666666666665
36.723333333333336, 34.72666666666667
36.63388888888889, 35.93055555555556
37.16111111111111, 36.20111111111111
36.757777777777775, 35.13166666666667
36.4025, 33.571666666666665
36.63388888888889, 35.93055555555556
37.16111111111111, 36.20111111111111
36.757777777777775, 35.13166666666667
36.4025, 33.571666666666665
36.723333333333336, 34.72666666666667
37.16111111111111, 36.20111111111111
36.757777777777775, 35.13166666666667
36.766666666666666, 34.1
36.4025, 33.571666666666665
36.63388888888889, 35.93055555555556
37.16111111111111, 36.20111111111111
36.757777777777775, 35.13166666666667
36.63388888888889, 35.93055555555556
37.16111111111111, 36.20111111111111
40.14083333333333, 35.33583333333333
29.445833333333333, -1.1872222222222222
65.705, 32.388333333333335
66.43694444444445, 35.84972222222222
69.17944444444444, 34.20944444444444
79.7, 37.28333333333333
29.194444444444443, -5.947222222222222
15.313333333333333, -4.3275
29.445833333333333, 1.1872222222222222
29.6125, 0.8522222222222222
-77.25, 2.2666666666666666
13.410277777777777, 52.524166666666666
31.249444444444446, 30.0625
44.39222222222222, 35.46805555555556
40.989444444444445, 34.3925
44.40083333333333, 33.340555555555554
43.78611111111111, 33.355555555555554
44.62861111111111, 36.08277777777778
43.11888888888889, 36.335
44.0, 33.0
44.40083333333333, 33.340555555555554
44.40083333333333, 33.340555555555554
44.40083333333333, 33.340555555555554
36.14277777777778, 33.97027777777778
-106.08888888888889, 28.635277777777777
-100.26222222222222, 17.349444444444444
95.13583333333334, 22.108333333333334
13.160277777777777, 11.846388888888889
10.544166666666667, 8.4725
6.656666666666666, 5.3438888888888885
8.268055555555556, 9.3825
124.26277777777777, 13.7925
120.96666666666667, 14.65
45.35, 2.033333333333333
47.85583333333334, 4.655555555555556
44.52777777777778, 1.787777777777778
44.74777777777778, 1.718611111111111
49.18138888888889, 11.284166666666668
46.62583333333333, 6.1369444444444445
45.35, 2.033333333333333
101.375, 6.747222222222222
28.955, 41.01361111111111
32.86666666666667, 39.93333333333333
36.10194444444444, 32.61888888888889
37.16111111111111, 36.20111111111111
36.4025, 33.571666666666665
36.63388888888889, 35.93055555555556
37.16111111111111, 36.20111111111111
40.14083333333333, 35.33583333333333
36.4025, 33.571666666666665
37.16111111111111, 36.20111111111111
36.757777777777775, 35.13166666666667
36.4025, 33.571666666666665
36.723333333333336, 34.72666666666667
36.63388888888889, 35.93055555555556
37.16111111111111, 36.20111111111111
36.757777777777775, 35.13166666666667
36.4025, 33.571666666666665
36.723333333333336, 34.72666666666667
36.10194444444444, 32.61888888888889
37.16111111111111, 36.20111111111111
36.4025, 33.571666666666665
36.4025, 33.571666666666665
36.723333333333336, 34.72666666666667
36.63388888888889, 35.93055555555556
37.16111111111111, 36.20111111111111
39.007777777777775, 35.952777777777776
36.723333333333336, 34.72666666666667
36.63388888888889, 35.93055555555556
37.16111111111111, 36.20111111111111
36.63388888888889, 35.93055555555556
37.16111111111111, 36.20111111111111
36.10194444444444, 32.61888888888889
36.63388888888889, 35.93055555555556
37.16111111111111, 36.20111111111111
36.63388888888889, 35.93055555555556
37.16111111111111, 36.20111111111111
36.4025, 33.571666666666665
36.723333333333336, 34.72666666666667
36.10194444444444, 32.61888888888889
36.63388888888889, 35.93055555555556
37.16111111111111, 36.20111111111111
40.14083333333333, 35.33583333333333
36.757777777777775, 35.13166666666667
36.723333333333336, 34.72666666666667
36.10194444444444, 32.61888888888889
36.63388888888889, 35.93055555555556
37.16111111111111, 36.20111111111111
40.14083333333333, 35.33583333333333
36.4025, 33.571666666666665
36.723333333333336, 34.72666666666667
37.16111111111111, 36.20111111111111
40.14083333333333, 35.33583333333333
36.757777777777775, 35.13166666666667
36.63388888888889, 35.93055555555556
37.16111111111111, 36.20111111111111
40.14083333333333, 35.33583333333333
36.4025, 33.571666666666665
36.10194444444444, 32.61888888888889
36.63388888888889, 35.93055555555556
37.16111111111111, 36.20111111111111
40.14083333333333, 35.33583333333333
36.757777777777775, 35.13166666666667
36.723333333333336, 34.72666666666667
36.10194444444444, 32.61888888888889
36.63388888888889, 35.93055555555556
40.14083333333333, 35.33583333333333
36.4025, 33.571666666666665
36.4025, 33.571666666666665
36.10194444444444, 32.61888888888889
36.63388888888889, 35.93055555555556
37.16111111111111, 36.20111111111111
40.14083333333333, 35.33583333333333
36.4025, 33.571666666666665
36.723333333333336, 34.72666666666667
40.14083333333333, 35.33583333333333
36.757777777777775, 35.13166666666667
36.4025, 33.571666666666665
36.10194444444444, 32.61888888888889
40.14083333333333, 35.33583333333333
36.4025, 33.571666666666665
36.723333333333336, 34.72666666666667
36.10194444444444, 32.61888888888889
36.4025, 33.571666666666665
36.10194444444444, 32.61888888888889
37.16111111111111, 36.20111111111111
36.4025, 33.571666666666665
36.4025, 33.571666666666665
36.10194444444444, 32.61888888888889
36.63388888888889, 35.93055555555556
36.4025, 33.571666666666665
36.10194444444444, 32.61888888888889
36.63388888888889, 35.93055555555556
37.16111111111111, 36.20111111111111
36.4025, 33.571666666666665
36.723333333333336, 34.72666666666667
36.63388888888889, 35.93055555555556
40.14083333333333, 35.33583333333333
36.4025, 33.571666666666665
36.63388888888889, 35.93055555555556
40.14083333333333, 35.33583333333333
36.757777777777775, 35.13166666666667
36.4025, 33.571666666666665
36.4025, 33.571666666666665
36.723333333333336, 34.72666666666667
36.10194444444444, 32.61888888888889
36.63388888888889, 35.93055555555556
40.14083333333333, 35.33583333333333
36.4025, 33.571666666666665
36.10194444444444, 32.61888888888889
36.63388888888889, 35.93055555555556
36.757777777777775, 35.13166666666667
36.4025, 33.571666666666665
36.10194444444444, 32.61888888888889
36.63388888888889, 35.93055555555556
37.16111111111111, 36.20111111111111
40.14083333333333, 35.33583333333333
33.73277777777778, 9.963055555555556
