lng,lat
68.38055555555556, 35.275
69.16666666666667, 34.53333333333333
65.71, 31.613055555555555
70.28055555555555, 34.0875
29.366666666666667, -3.3833333333333333
-60.025, -3.1019444444444444
-60.67333333333333, 2.819722222222222
-35.20944444444444, -5.795
71.21666666666667, 46.81666666666667
28.166666666666668, -7.666666666666667
29.736666666666668, -7.083888888888889
33.81361111111111, 31.123333333333335
34.23583333333333, 31.250833333333333
34.126666666666665, 7.597777777777778
-88.03333333333333, 15.5
44.40083333333333, 33.340555555555554
44.40083333333333, 33.340555555555554
44.40083333333333, 33.340555555555554
44.40083333333333, 33.340555555555554
43.11888888888889, 36.335
44.40083333333333, 33.340555555555554
-87.07972222222222, 20.627222222222223
-99.50555555555556, 17.550555555555555
-106.9625, 26.09111111111111
-0.044722222222222226, 16.27166666666667
96.18333333333334, 16.85
6.237222222222222, 5.844722222222222
8.174722222222222, 5.805833333333333
13.160277777777777, 11.846388888888889
6.365833333333334, 9.614444444444445
13.160277777777777, 11.846388888888889
7.0, 9.0
7.013333333333334, 4.777222222222222
6.654722222222222, 7.562222222222222
7.596666666666667, 4.896388888888889
12.908055555555556, 11.390277777777778
11.42, 9.186944444444444
66.59361111111112, 29.02638888888889
70.1, 33.89944444444444
122.19972222222222, 6.878333333333334
24.366666666666667, 13.166666666666666
45.35, 2.033333333333333
28.955, 41.01361111111111
44.95, 15.466666666666667
44.574444444444445, 15.751388888888888
44.020833333333336, 13.579444444444444
44.020833333333336, 13.579444444444444
36.4025, 33.571666666666665
36.4025, 33.571666666666665
36.10194444444444, 32.61888888888889
37.16111111111111, 36.20111111111111
40.14083333333333, 35.33583333333333
36.4025, 33.571666666666665
36.723333333333336, 34.72666666666667
36.4025, 33.571666666666665
36.4025, 33.571666666666665
36.723333333333336, 34.72666666666667
36.10194444444444, 32.61888888888889
36.63388888888889, 35.93055555555556
37.16111111111111, 36.20111111111111
36.4025, 33.571666666666665
36.723333333333336, 34.72666666666667
37.16111111111111, 36.20111111111111
36.757777777777775, 35.13166666666667
36.4025, 33.571666666666665
36.10194444444444, 32.61888888888889
37.16111111111111, 36.20111111111111
36.63388888888889, 35.93055555555556
37.16111111111111, 36.20111111111111
40.14083333333333, 35.33583333333333
36.4025, 33.571666666666665
36.723333333333336, 34.72666666666667
36.10194444444444, 32.61888888888889
37.16111111111111, 36.20111111111111
40.14083333333333, 35.33583333333333
36.757777777777775, 35.13166666666667
36.4025, 33.571666666666665
37.16111111111111, 36.20111111111111
36.4025, 33.571666666666665
36.10194444444444, 32.61888888888889
36.757777777777775, 35.13166666666667
36.4025, 33.571666666666665
36.723333333333336, 34.72666666666667
37.16111111111111, 36.20111111111111
40.14083333333333, 35.33583333333333
36.4025, 33.571666666666665
36.4025, 33.571666666666665
36.723333333333336, 34.72666666666667
37.16111111111111, 36.20111111111111
40.14083333333333, 35.33583333333333
36.757777777777775, 35.13166666666667
36.4025, 33.571666666666665
36.10194444444444, 32.61888888888889
36.63388888888889, 35.93055555555556
36.4025, 33.571666666666665
36.63388888888889, 35.93055555555556
37.16111111111111, 36.20111111111111
40.14083333333333, 35.33583333333333
36.757777777777775, 35.13166666666667
36.4025, 33.571666666666665
36.4025, 33.571666666666665
36.723333333333336, 34.72666666666667
36.10194444444444, 32.61888888888889
37.16111111111111, 36.20111111111111
40.14083333333333, 35.33583333333333
39.007777777777775, 35.952777777777776
36.723333333333336, 34.72666666666667
37.16111111111111, 36.20111111111111
40.14083333333333, 35.33583333333333
36.757777777777775, 35.13166666666667
36.723333333333336, 34.72666666666667
37.16111111111111, 36.20111111111111
40.14083333333333, 35.33583333333333
36.10194444444444, 32.61888888888889
36.63388888888889, 35.93055555555556
37.16111111111111, 36.20111111111111
36.4025, 33.571666666666665
36.10194444444444, 32.61888888888889
37.16111111111111, 36.20111111111111
36.4025, 33.571666666666665
37.16111111111111, 36.20111111111111
40.14083333333333, 35.33583333333333
36.723333333333336, 34.72666666666667
36.10194444444444, 32.61888888888889
40.14083333333333, 35.33583333333333
36.4025, 33.571666666666665
36.723333333333336, 34.72666666666667
37.16111111111111, 36.20111111111111
36.4025, 33.571666666666665
36.723333333333336, 34.72666666666667
37.16111111111111, 36.20111111111111
36.4025, 33.571666666666665
37.16111111111111, 36.20111111111111
40.14083333333333, 35.33583333333333
36.4025, 33.571666666666665
36.723333333333336, 34.72666666666667
40.14083333333333, 35.33583333333333
36.757777777777775, 35.13166666666667
36.4025, 33.571666666666665
36.723333333333336, 34.72666666666667
36.10194444444444, 32.61888888888889
36.63388888888889, 35.93055555555556
37.16111111111111, 36.20111111111111
40.14083333333333, 35.33583333333333
36.4025, 33.571666666666665
36.723333333333336, 34.72666666666667
36.63388888888889, 35.93055555555556
36.723333333333336, 34.72666666666667
36.10194444444444, 32.61888888888889
37.16111111111111, 36.20111111111111
36.10194444444444, 32.61888888888889
36.63388888888889, 35.93055555555556
36.4025, 33.571666666666665
36.723333333333336, 34.72666666666667
36.10194444444444, 32.61888888888889
36.63388888888889, 35.93055555555556
37.16111111111111, 36.20111111111111
36.4025, 33.571666666666665
36.723333333333336, 34.72666666666667
37.16111111111111, 36.20111111111111
11.42, 9.186944444444444
-91.46111111111111, 14.580833333333333
69.16666666666667, 34.53333333333333
65.75277777777778, 36.6675
68.715, 35.94444444444444
69.19277777777778, 32.97805555555556
69.87638888888888, 34.641666666666666
20.386111111111113, 6.191666666666666
78.47055555555555, 37.223055555555554
12.233333333333333, 7.966666666666667
14.43138888888889, -5.561388888888889
28.95, -1.3833333333333333
29.49277777777778, -1.2455555555555555
-69.29694444444445, 18.461388888888887
0.059166666666666666, 8.854722222222222
-13.7, 9.516666666666667
90.45, 15.1
-87.21666666666667, 14.1
-86.95, 14.7
43.11888888888889, 36.335
44.40083333333333, 33.340555555555554
44.40083333333333, 33.340555555555554
44.40083333333333, 33.340555555555554
44.40083333333333, 33.340555555555554
44.40083333333333, 33.340555555555554
79.96027777777778, 6.586944444444445
-106.9625, 26.09111111111111
-5.3677777777777775, 13.976666666666667
8.268055555555556, 9.3825
8.469722222222222, 9.612222222222222
9.553055555555556, 7.289444444444444
74.34361111111112, 31.549722222222222
67.86111111111111, 26.424722222222222
71.74055555555556, 34.14805555555556
124.16666666666667, 9.833333333333334
31.037222222222223, 11.300277777777778
45.35, 2.033333333333333
45.35, 2.033333333333333
45.35, 2.033333333333333
45.35, 2.033333333333333
45.35, 2.033333333333333
45.35, 2.033333333333333
40.14083333333333, 35.33583333333333
36.4025, 33.571666666666665
36.4025, 33.571666666666665
36.723333333333336, 34.72666666666667
36.10194444444444, 32.61888888888889
37.16111111111111, 36.20111111111111
36.4025, 33.571666666666665
36.4025, 33.571666666666665
36.723333333333336, 34.72666666666667
36.10194444444444, 32.61888888888889
37.16111111111111, 36.20111111111111
40.14083333333333, 35.33583333333333
36.757777777777775, 35.13166666666667
36.4025, 33.571666666666665
36.10194444444444, 32.61888888888889
37.16111111111111, 36.20111111111111
40.14083333333333, 35.33583333333333
36.757777777777775, 35.13166666666667
36.4025, 33.571666666666665
36.723333333333336, 34.72666666666667
37.16111111111111, 36.20111111111111
40.14083333333333, 35.33583333333333
36.4025, 33.571666666666665
36.4025, 33.571666666666665
36.723333333333336, 34.72666666666667
36.10194444444444, 32.61888888888889
36.63388888888889, 35.93055555555556
37.16111111111111, 36.20111111111111
36.757777777777775, 35.13166666666667
35.79, 35.531666666666666
36.4025, 33.571666666666665
36.723333333333336, 34.72666666666667
36.10194444444444, 32.61888888888889
36.63388888888889, 35.93055555555556
37.16111111111111, 36.20111111111111
40.14083333333333, 35.33583333333333
36.757777777777775, 35.13166666666667
36.4025, 33.571666666666665
36.4025, 33.571666666666665
36.723333333333336, 34.72666666666667
36.10194444444444, 32.61888888888889
37.16111111111111, 36.20111111111111
40.14083333333333, 35.33583333333333
39.007777777777775, 35.952777777777776
36.757777777777775, 35.13166666666667
36.4025, 33.571666666666665
36.723333333333336, 34.72666666666667
36.10194444444444, 32.61888888888889
36.63388888888889, 35.93055555555556
36.4025, 33.571666666666665
36.723333333333336, 34.72666666666667
36.10194444444444, 32.61888888888889
36.63388888888889, 35.93055555555556
37.16111111111111, 36.20111111111111
36.757777777777775, 35.13166666666667
36.10194444444444, 32.61888888888889
36.63388888888889, 35.93055555555556
37.16111111111111, 36.20111111111111
36.4025, 33.571666666666665
36.723333333333336, 34.72666666666667
36.10194444444444, 32.61888888888889
36.63388888888889, 35.93055555555556
37.16111111111111, 36.20111111111111
36.723333333333336, 34.72666666666667
36.10194444444444, 32.61888888888889
36.63388888888889, 35.93055555555556
37.16111111111111, 36.20111111111111
40.14083333333333, 35.33583333333333
36.757777777777775, 35.13166666666667
36.723333333333336, 34.72666666666667
36.10194444444444, 32.61888888888889
37.16111111111111, 36.20111111111111
36.4025, 33.571666666666665
36.723333333333336, 34.72666666666667
36.10194444444444, 32.61888888888889
36.63388888888889, 35.93055555555556
37.16111111111111, 36.20111111111111
36.723333333333336, 34.72666666666667
36.63388888888889, 35.93055555555556
37.16111111111111, 36.20111111111111
36.757777777777775, 35.13166666666667
36.723333333333336, 34.72666666666667
36.10194444444444, 32.61888888888889
37.16111111111111, 36.20111111111111
36.4025, 33.571666666666665
36.4025, 33.571666666666665
36.723333333333336, 34.72666666666667
36.10194444444444, 32.61888888888889
36.63388888888889, 35.93055555555556
37.16111111111111, 36.20111111111111
36.757777777777775, 35.13166666666667
35.78333333333333, 33.03333333333333
36.4025, 33.571666666666665
36.4025, 33.571666666666665
36.723333333333336, 34.72666666666667
36.10194444444444, 32.61888888888889
37.16111111111111, 36.20111111111111
36.757777777777775, 35.13166666666667
36.4025, 33.571666666666665
36.4025, 33.571666666666665
36.723333333333336, 34.72666666666667
36.10194444444444, 32.61888888888889
36.63388888888889, 35.93055555555556
37.16111111111111, 36.20111111111111
39.007777777777775, 35.952777777777776
36.757777777777775, 35.13166666666667
40.7475, 36.50222222222222
36.4025, 33.571666666666665
36.723333333333336, 34.72666666666667
36.10194444444444, 32.61888888888889
36.63388888888889, 35.93055555555556
37.16111111111111, 36.20111111111111
40.14083333333333, 35.33583333333333
39.007777777777775, 35.952777777777776
35.79, 35.531666666666666
36.4025, 33.571666666666665
36.4025, 33.571666666666665
36.723333333333336, 34.72666666666667
36.10194444444444, 32.61888888888889
36.63388888888889, 35.93055555555556
37.16111111111111, 36.20111111111111
40.14083333333333, 35.33583333333333
39.007777777777775, 35.952777777777776
36.757777777777775, 35.13166666666667
36.10194444444444, 32.61888888888889
36.63388888888889, 35.93055555555556
37.16111111111111, 36.20111111111111
36.757777777777775, 35.13166666666667
36.4025, 33.571666666666665
37.16111111111111, 36.20111111111111
40.14083333333333, 35.33583333333333
36.757777777777775, 35.13166666666667
36.4025, 33.571666666666665
36.723333333333336, 34.72666666666667
36.10194444444444, 32.61888888888889
36.63388888888889, 35.93055555555556
37.16111111111111, 36.20111111111111
36.757777777777775, 35.13166666666667
36.4025, 33.571666666666665
36.723333333333336, 34.72666666666667
36.10194444444444, 32.61888888888889
36.63388888888889, 35.93055555555556
37.16111111111111, 36.20111111111111
36.4025, 33.571666666666665
36.4025, 33.571666666666665
36.63388888888889, 35.93055555555556
37.16111111111111, 36.20111111111111
36.4025, 33.571666666666665
36.723333333333336, 34.72666666666667
36.10194444444444, 32.61888888888889
36.63388888888889, 35.93055555555556
37.16111111111111, 36.20111111111111
40.14083333333333, 35.33583333333333
69.16666666666667, 34.53333333333333
62.751666666666665, 32.77027777777778
69.16666666666667, 34.53333333333333
69.535, 37.34527777777778
-1.8583333333333334, 14.356666666666667
-49.90222222222222, -6.0675
21.049444444444443, 5.736111111111111
28.703055555555554, -4.84
34.47805555555556, 7.543333333333333
43.51611111111111, 34.84
43.67861111111111, 34.61555555555555
44.40083333333333, 33.340555555555554
44.40083333333333, 33.340555555555554
38.68694444444444, 0.3236111111111111
36.0, 0.6666666666666666
38.03333333333333, 1.0833333333333333
12.485833333333334, 32.808055555555555
-7.583333333333333, 33.53333333333333
-100.66944444444445, 18.358055555555556
-109.91555555555556, 22.889722222222222
-96.79805555555555, 18.833055555555557
106.08333333333333, 28.633333333333333
-104.65027777777777, 22.118333333333332
4.560277777777777, 7.482222222222222
7.0, 9.0
6.496111111111111, 7.2091666666666665
9.553055555555556, 7.289444444444444
9.610277777777778, 7.506666666666667
8.268055555555556, 9.3825
13.160277777777777, 11.846388888888889
71.55472222222222, 34.215833333333336
72.32305555555556, 31.380833333333335
70.1, 33.89944444444444
24.328333333333333, 13.095833333333333
45.20805555555555, 2.0830555555555557
45.35, 2.033333333333333
45.35, 2.033333333333333
45.35, 2.033333333333333
31.869722222222222, 6.179722222222222
98.94166666666666, 19.512777777777778
30.523333333333333, 50.45
43.24916666666667, 13.806944444444444
42.6275, 14.893055555555556
36.723333333333336, 34.72666666666667
37.16111111111111, 36.20111111111111
40.14083333333333, 35.33583333333333
36.4025, 33.571666666666665
36.723333333333336, 34.72666666666667
36.63388888888889, 35.93055555555556
39.007777777777775, 35.952777777777776
36.757777777777775, 35.13166666666667
40.7475, 36.50222222222222
36.4025, 33.571666666666665
36.10194444444444, 32.61888888888889
36.63388888888889, 35.93055555555556
37.16111111111111, 36.20111111111111
36.4025, 33.571666666666665
36.4025, 33.571666666666665
36.723333333333336, 34.72666666666667
36.10194444444444, 32.61888888888889
36.63388888888889, 35.93055555555556
37.16111111111111, 36.20111111111111
36.757777777777775, 35.13166666666667
36.723333333333336, 34.72666666666667
36.63388888888889, 35.93055555555556
37.16111111111111, 36.20111111111111
40.14083333333333, 35.33583333333333
39.007777777777775, 35.952777777777776
36.757777777777775, 35.13166666666667
36.4025, 33.571666666666665
36.723333333333336, 34.72666666666667
36.10194444444444, 32.61888888888889
37.16111111111111, 36.20111111111111
39.007777777777775, 35.952777777777776
36.4025, 33.571666666666665
36.4025, 33.571666666666665
36.723333333333336, 34.72666666666667
36.10194444444444, 32.61888888888889
36.63388888888889, 35.93055555555556
37.16111111111111, 36.20111111111111
39.007777777777775, 35.952777777777776
35.79, 35.531666666666666
36.4025, 33.571666666666665
36.4025, 33.571666666666665
36.10194444444444, 32.61888888888889
37.16111111111111, 36.20111111111111
40.14083333333333, 35.33583333333333
39.007777777777775, 35.952777777777776
36.4025, 33.571666666666665
36.723333333333336, 34.72666666666667
36.10194444444444, 32.61888888888889
36.63388888888889, 35.93055555555556
37.16111111111111, 36.20111111111111
40.14083333333333, 35.33583333333333
36.757777777777775, 35.13166666666667
36.723333333333336, 34.72666666666667
36.10194444444444, 32.61888888888889
36.63388888888889, 35.93055555555556
37.16111111111111, 36.20111111111111
40.14083333333333, 35.33583333333333
39.007777777777775, 35.952777777777776
35.79, 35.531666666666666
36.723333333333336, 34.72666666666667
36.10194444444444, 32.61888888888889
36.63388888888889, 35.93055555555556
37.16111111111111, 36.20111111111111
40.14083333333333, 35.33583333333333
36.4025, 33.571666666666665
36.10194444444444, 32.61888888888889
37.16111111111111, 36.20111111111111
36.4025, 33.571666666666665
36.10194444444444, 32.61888888888889
36.63388888888889, 35.93055555555556
39.007777777777775, 35.952777777777776
36.4025, 33.571666666666665
36.4025, 33.571666666666665
36.10194444444444, 32.61888888888889
36.63388888888889, 35.93055555555556
40.14083333333333, 35.33583333333333
40.7475, 36.50222222222222
36.4025, 33.571666666666665
36.723333333333336, 34.72666666666667
36.10194444444444, 32.61888888888889
36.63388888888889, 35.93055555555556
37.16111111111111, 36.20111111111111
40.14083333333333, 35.33583333333333
39.007777777777775, 35.952777777777776
35.79, 35.531666666666666
36.4025, 33.571666666666665
36.10194444444444, 32.61888888888889
36.63388888888889, 35.93055555555556
37.16111111111111, 36.20111111111111
40.14083333333333, 35.33583333333333
39.007777777777775, 35.952777777777776
36.757777777777775, 35.13166666666667
35.78333333333333, 33.03333333333333
36.4025, 33.571666666666665
37.16111111111111, 36.20111111111111
39.007777777777775, 35.952777777777776
36.4025, 33.571666666666665
36.723333333333336, 34.72666666666667
36.10194444444444, 32.61888888888889
37.16111111111111, 36.20111111111111
39.007777777777775, 35.952777777777776
36.4025, 33.571666666666665
36.4025, 33.571666666666665
36.723333333333336, 34.72666666666667
36.63388888888889, 35.93055555555556
37.16111111111111, 36.20111111111111
36.757777777777775, 35.13166666666667
36.4025, 33.571666666666665
36.10194444444444, 32.61888888888889
36.63388888888889, 35.93055555555556
37.16111111111111, 36.20111111111111
40.14083333333333, 35.33583333333333
36.4025, 33.571666666666665
36.723333333333336, 34.72666666666667
36.10194444444444, 32.61888888888889
36.63388888888889, 35.93055555555556
37.16111111111111, 36.20111111111111
36.4025, 33.571666666666665
36.4025, 33.571666666666665
36.723333333333336, 34.72666666666667
36.10194444444444, 32.61888888888889
36.63388888888889, 35.93055555555556
37.16111111111111, 36.20111111111111
40.14083333333333, 35.33583333333333
39.007777777777775, 35.952777777777776
36.757777777777775, 35.13166666666667
36.723333333333336, 34.72666666666667
36.63388888888889, 35.93055555555556
37.16111111111111, 36.20111111111111
36.757777777777775, 35.13166666666667
36.4025, 33.571666666666665
36.723333333333336, 34.72666666666667
36.63388888888889, 35.93055555555556
40.14083333333333, 35.33583333333333
36.4025, 33.571666666666665
36.4025, 33.571666666666665
36.63388888888889, 35.93055555555556
37.16111111111111, 36.20111111111111
40.14083333333333, 35.33583333333333
36.757777777777775, 35.13166666666667
36.4025, 33.571666666666665
36.723333333333336, 34.72666666666667
36.63388888888889, 35.93055555555556
40.14083333333333, 35.33583333333333
39.007777777777775, 35.952777777777776
36.757777777777775, 35.13166666666667
35.78333333333333, 33.03333333333333
36.4025, 33.571666666666665
36.723333333333336, 34.72666666666667
36.10194444444444, 32.61888888888889
36.63388888888889, 35.93055555555556
37.16111111111111, 36.20111111111111
36.757777777777775, 35.13166666666667
36.4025, 33.571666666666665
36.723333333333336, 34.72666666666667
36.63388888888889, 35.93055555555556
37.16111111111111, 36.20111111111111
39.007777777777775, 35.952777777777776
36.757777777777775, 35.13166666666667
36.4025, 33.571666666666665
36.10194444444444, 32.61888888888889
36.63388888888889, 35.93055555555556
39.007777777777775, 35.952777777777776
36.757777777777775, 35.13166666666667
35.79, 35.531666666666666
36.4025, 33.571666666666665
36.63388888888889, 35.93055555555556
39.007777777777775, 35.952777777777776
36.4025, 33.571666666666665
36.10194444444444, 32.61888888888889
39.007777777777775, 35.952777777777776
36.757777777777775, 35.13166666666667
22.41638888888889, -5.896111111111111
110.30027777777778, 24.144166666666667
64.4375, 31.74361111111111
69.16666666666667, 34.53333333333333
65.0, 33.0
-46.63333333333333, -23.55
-60.12833333333333, -14.134166666666667
21.421666666666667, 5.351944444444444
20.788888888888888, -6.432222222222222
29.085833333333333, -2.1822222222222223
31.001666666666665, 30.788333333333334
74.80555555555556, 34.08555555555556
43.67861111111111, 34.61555555555555
43.11888888888889, 36.335
43.11888888888889, 36.335
73.50861111111111, 4.174722222222222
-97.6613888888889, 18.795
-99.50555555555556, 17.550555555555555
101.60972222222222, 18.70611111111111
9.47, 6.800833333333333
13.694444444444445, 11.704722222222221
13.303333333333333, 12.208333333333334
6.855555555555556, 9.468055555555555
8.268055555555556, 9.3825
7.596666666666667, 4.896388888888889
72.67111111111112, 32.08361111111111
70.38722222222222, 33.7825
30.3, 59.95
26.25, 10.5
45.35, 2.033333333333333
44.029444444444444, 1.1130555555555555
45.35, 2.033333333333333
45.35, 2.033333333333333
45.35, 2.033333333333333
47.43083333333333, 6.769722222222223
32.481944444444444, 3.865
27.989722222222223, 7.7011111111111115
25.678333333333335, 8.4675
29.40972222222222, 7.0725
15.831944444444444, 12.514722222222222
28.949444444444445, 41.01361111111111
44.2775, 14.339722222222223
36.10194444444444, 32.61888888888889
36.63388888888889, 35.93055555555556
37.16111111111111, 36.20111111111111
39.007777777777775, 35.952777777777776
36.4025, 33.571666666666665
36.10194444444444, 32.61888888888889
36.63388888888889, 35.93055555555556
37.16111111111111, 36.20111111111111
39.007777777777775, 35.952777777777776
36.757777777777775, 35.13166666666667
36.4025, 33.571666666666665
36.4025, 33.571666666666665
36.723333333333336, 34.72666666666667
36.10194444444444, 32.61888888888889
36.63388888888889, 35.93055555555556
37.16111111111111, 36.20111111111111
40.14083333333333, 35.33583333333333
39.007777777777775, 35.952777777777776
36.757777777777775, 35.13166666666667
36.4025, 33.571666666666665
36.10194444444444, 32.61888888888889
36.63388888888889, 35.93055555555556
37.16111111111111, 36.20111111111111
36.757777777777775, 35.13166666666667
36.4025, 33.571666666666665
36.10194444444444, 32.61888888888889
36.63388888888889, 35.93055555555556
39.007777777777775, 35.952777777777776
36.757777777777775, 35.13166666666667
36.4025, 33.571666666666665
36.10194444444444, 32.61888888888889
36.63388888888889, 35.93055555555556
37.16111111111111, 36.20111111111111
39.007777777777775, 35.952777777777776
36.757777777777775, 35.13166666666667
36.4025, 33.571666666666665
36.10194444444444, 32.61888888888889
36.63388888888889, 35.93055555555556
37.16111111111111, 36.20111111111111
39.007777777777775, 35.952777777777776
36.757777777777775, 35.13166666666667
36.4025, 33.571666666666665
36.723333333333336, 34.72666666666667
36.10194444444444, 32.61888888888889
36.63388888888889, 35.93055555555556
37.16111111111111, 36.20111111111111
39.007777777777775, 35.952777777777776
36.757777777777775, 35.13166666666667
36.4025, 33.571666666666665
36.10194444444444, 32.61888888888889
37.16111111111111, 36.20111111111111
40.14083333333333, 35.33583333333333
39.007777777777775, 35.952777777777776
36.4025, 33.571666666666665
36.10194444444444, 32.61888888888889
36.63388888888889, 35.93055555555556
37.16111111111111, 36.20111111111111
36.757777777777775, 35.13166666666667
36.4025, 33.571666666666665
36.4025, 33.571666666666665
36.10194444444444, 32.61888888888889
36.63388888888889, 35.93055555555556
36.757777777777775, 35.13166666666667
36.4025, 33.571666666666665
36.63388888888889, 35.93055555555556
37.16111111111111, 36.20111111111111
39.007777777777775, 35.952777777777776
36.757777777777775, 35.13166666666667
36.766666666666666, 34.1
36.4025, 33.571666666666665
36.4025, 33.571666666666665
36.63388888888889, 35.93055555555556
39.007777777777775, 35.952777777777776
36.757777777777775, 35.13166666666667
36.723333333333336, 34.72666666666667
36.10194444444444, 32.61888888888889
36.63388888888889, 35.93055555555556
36.4025, 33.571666666666665
36.723333333333336, 34.72666666666667
36.63388888888889, 35.93055555555556
37.16111111111111, 36.20111111111111
40.14083333333333, 35.33583333333333
36.757777777777775, 35.13166666666667
36.4025, 33.571666666666665
36.63388888888889, 35.93055555555556
36.757777777777775, 35.13166666666667
36.4025, 33.571666666666665
36.4025, 33.571666666666665
40.14083333333333, 35.33583333333333
36.766666666666666, 34.1
36.4025, 33.571666666666665
36.63388888888889, 35.93055555555556
37.16111111111111, 36.20111111111111
40.14083333333333, 35.33583333333333
36.757777777777775, 35.13166666666667
36.4025, 33.571666666666665
36.723333333333336, 34.72666666666667
36.10194444444444, 32.61888888888889
36.63388888888889, 35.93055555555556
36.723333333333336, 34.72666666666667
36.10194444444444, 32.61888888888889
37.16111111111111, 36.20111111111111
36.757777777777775, 35.13166666666667
36.4025, 33.571666666666665
36.4025, 33.571666666666665
36.723333333333336, 34.72666666666667
36.63388888888889, 35.93055555555556
36.757777777777775, 35.13166666666667
36.4025, 33.571666666666665
36.10194444444444, 32.61888888888889
36.63388888888889, 35.93055555555556
37.16111111111111, 36.20111111111111
36.757777777777775, 35.13166666666667
36.766666666666666, 34.1
36.4025, 33.571666666666665
36.723333333333336, 34.72666666666667
36.10194444444444, 32.61888888888889
36.757777777777775, 35.13166666666667
36.723333333333336, 34.72666666666667
36.63388888888889, 35.93055555555556
36.757777777777775, 35.13166666666667
36.4025, 33.571666666666665
36.723333333333336, 34.72666666666667
36.63388888888889, 35.93055555555556
37.16111111111111, 36.20111111111111
36.757777777777775, 35.13166666666667
36.4025, 33.571666666666665
36.10194444444444, 32.61888888888889
36.63388888888889, 35.93055555555556
37.16111111111111, 36.20111111111111
39.007777777777775, 35.952777777777776
36.757777777777775, 35.13166666666667
36.63388888888889, 35.93055555555556
37.16111111111111, 36.20111111111111
39.007777777777775, 35.952777777777776
36.757777777777775, 35.13166666666667
36.4025, 33.571666666666665
36.723333333333336, 34.72666666666667
36.10194444444444, 32.61888888888889
36.63388888888889, 35.93055555555556
36.4025, 33.571666666666665
36.10194444444444, 32.61888888888889
37.16111111111111, 36.20111111111111
36.757777777777775, 35.13166666666667
36.723333333333336, 34.72666666666667
36.10194444444444, 32.61888888888889
36.757777777777775, 35.13166666666667
25.51222222222222, -33.888333333333335
69.17138888888888, 35.01361111111111
62.2, 34.35
70.18333333333334, 34.78333333333333
70.44777777777777, 34.43416666666667
69.17944444444444, 34.20944444444444
69.92027777777778, 33.339444444444446
69.24805555555555, 33.533055555555556
69.16666666666667, 34.53333333333333
29.366666666666667, 3.3833333333333333
50.470555555555556, 26.218055555555555
50.146388888888886, 7.738888888888889
22.818333333333335, 4.7411111111111115
21.98611111111111, 6.542222222222222
-3.9691666666666667, 6.673333333333334
22.395, -7.198333333333333
27.02166666666667, -6.703611111111111
30.842222222222222, 28.648333333333333
2.2333333333333334, 53.46666666666667
44.40083333333333, 33.340555555555554
47.780277777777776, 30.508333333333333
44.40083333333333, 33.340555555555554
42.826388888888886, 33.63611111111111
41.18555555555555, 3.1508333333333334
20.251944444444444, 31.668055555555554
-98.14805555555556, 24.8475
-107.38777777777777, 24.790277777777778
-104.06361111111111, 22.080833333333334
13.002777777777778, 11.585833333333333
9.250277777777777, 7.689166666666667
13.160277777777777, 11.846388888888889
5.333333333333333, 9.2
3.8049999999999997, 6.785833333333334
7.072222222222222, 9.945277777777777
10.968333333333334, 8.155277777777778
6.359166666666667, 5.0313888888888885
13.002777777777778, 11.585833333333333
6.920555555555556, 6.268055555555556
66.4525, 30.9175
66.72055555555555, 29.794444444444444
62.333333333333336, 25.113888888888887
124.2838888888889, 8.003333333333334
147.0, -6.733333333333333
24.366666666666667, 14.35
45.35, 2.033333333333333
45.35, 2.033333333333333
49.18138888888889, 11.284166666666668
46.80305555555555, 5.529166666666667
45.35, 2.033333333333333
46.125, 5.825833333333334
45.35, 2.033333333333333
44.020833333333336, 13.579444444444444
36.4025, 33.571666666666665
36.4025, 33.571666666666665
36.723333333333336, 34.72666666666667
36.10194444444444, 32.61888888888889
37.16111111111111, 36.20111111111111
40.14083333333333, 35.33583333333333
36.4025, 33.571666666666665
36.4025, 33.571666666666665
36.723333333333336, 34.72666666666667
36.10194444444444, 32.61888888888889
36.63388888888889, 35.93055555555556
40.14083333333333, 35.33583333333333
36.757777777777775, 35.13166666666667
36.4025, 33.571666666666665
36.723333333333336, 34.72666666666667
36.10194444444444, 32.61888888888889
40.14083333333333, 35.33583333333333
39.007777777777775, 35.952777777777776
36.757777777777775, 35.13166666666667
36.4025, 33.571666666666665
36.4025, 33.571666666666665
36.723333333333336, 34.72666666666667
36.10194444444444, 32.61888888888889
40.14083333333333, 35.33583333333333
36.757777777777775, 35.13166666666667
36.4025, 33.571666666666665
36.4025, 33.571666666666665
36.723333333333336, 34.72666666666667
36.10194444444444, 32.61888888888889
36.63388888888889, 35.93055555555556
37.16111111111111, 36.20111111111111
40.14083333333333, 35.33583333333333
36.723333333333336, 34.72666666666667
36.757777777777775, 35.13166666666667
36.4025, 33.571666666666665
37.16111111111111, 36.20111111111111
40.14083333333333, 35.33583333333333
36.63388888888889, 35.93055555555556
37.16111111111111, 36.20111111111111
40.14083333333333, 35.33583333333333
36.757777777777775, 35.13166666666667
36.723333333333336, 34.72666666666667
36.63388888888889, 35.93055555555556
37.16111111111111, 36.20111111111111
40.14083333333333, 35.33583333333333
39.007777777777775, 35.952777777777776
36.10194444444444, 32.61888888888889
37.16111111111111, 36.20111111111111
40.14083333333333, 35.33583333333333
39.007777777777775, 35.952777777777776
36.10194444444444, 32.61888888888889
40.14083333333333, 35.33583333333333
36.4025, 33.571666666666665
36.63388888888889, 35.93055555555556
37.16111111111111, 36.20111111111111
36.723333333333336, 34.72666666666667
36.4025, 33.571666666666665
36.723333333333336, 34.72666666666667
37.16111111111111, 36.20111111111111
36.757777777777775, 35.13166666666667
36.4025, 33.571666666666665
36.723333333333336, 34.72666666666667
37.16111111111111, 36.20111111111111
39.007777777777775, 35.952777777777776
36.757777777777775, 35.13166666666667
36.4025, 33.571666666666665
36.723333333333336, 34.72666666666667
36.63388888888889, 35.93055555555556
37.16111111111111, 36.20111111111111
36.4025, 33.571666666666665
36.10194444444444, 32.61888888888889
36.757777777777775, 35.13166666666667
36.723333333333336, 34.72666666666667
36.10194444444444, 32.61888888888889
37.16111111111111, 36.20111111111111
36.723333333333336, 34.72666666666667
36.10194444444444, 32.61888888888889
36.10194444444444, 32.61888888888889
36.63388888888889, 35.93055555555556
36.4025, 33.571666666666665
36.4025, 33.571666666666665
36.10194444444444, 32.61888888888889
36.4025, 33.571666666666665
36.723333333333336, 34.72666666666667
36.10194444444444, 32.61888888888889
37.16111111111111, 36.20111111111111
39.007777777777775, 35.952777777777776
36.4025, 33.571666666666665
36.723333333333336, 34.72666666666667
36.10194444444444, 32.61888888888889
36.63388888888889, 35.93055555555556
37.16111111111111, 36.20111111111111
39.007777777777775, 35.952777777777776
36.757777777777775, 35.13166666666667
36.4025, 33.571666666666665
37.16111111111111, 36.20111111111111
36.4025, 33.571666666666665
36.10194444444444, 32.61888888888889
37.16111111111111, 36.20111111111111
36.757777777777775, 35.13166666666667
36.4025, 33.571666666666665
36.4025, 33.571666666666665
36.723333333333336, 34.72666666666667
36.10194444444444, 32.61888888888889
39.007777777777775, 35.952777777777776
36.757777777777775, 35.13166666666667
36.723333333333336, 34.72666666666667
36.10194444444444, 32.61888888888889
37.16111111111111, 36.20111111111111
36.757777777777775, 35.13166666666667
36.723333333333336, 34.72666666666667
36.10194444444444, 32.61888888888889
36.10194444444444, 32.61888888888889
36.63388888888889, 35.93055555555556
36.4025, 33.571666666666665
36.4025, 33.571666666666665
36.4025, 33.571666666666665
-102.09305555555555, 19.024722222222223
8.549166666666666, 6.653888888888889
69.16666666666667, 34.53333333333333
62.2, 34.35
61.860277777777775, 30.959444444444443
70.44777777777777, 34.43416666666667
64.37138888888889, 31.593611111111112
65.25083333333333, 34.519444444444446
21.98611111111111, 6.542222222222222
22.818333333333335, 4.7411111111111115
117.15694444444445, 34.180277777777775
14.011388888888888, 11.161944444444444
14.011388888888888, 11.161944444444444
23.388333333333332, -6.184722222222222
-0.1275, 51.507222222222225
-86.79888888888888, 15.769444444444444
75.06888888888889, 24.075
51.396388888888886, 35.71333333333333
49.61222222222222, 31.27722222222222
43.11888888888889, 36.335
43.11888888888889, 36.335
44.29, 32.77861111111111
42.548611111111114, 33.85111111111111
43.11888888888889, 36.335
27.433333333333334, -29.466666666666665
-106.86305555555556, 28.40861111111111
-96.30055555555556, 16.276944444444446
-99.66833333333334, 16.815
94.44222222222223, 18.133333333333333
-2.7402777777777776, 14.315555555555555
13.160277777777777, 11.846388888888889
6.740277777777778, 7.796666666666667
13.002777777777778, 11.585833333333333
14.420555555555556, 12.36
13.160277777777777, 11.846388888888889
67.00944444444444, 30.198888888888888
72.93388888888889, 33.999722222222225
67.00944444444444, 30.198888888888888
70.0, 30.0
69.68194444444444, 32.30388888888889
27.316666666666666, 12.7
45.35, 2.033333333333333
43.64972222222222, 3.113611111111111
45.35, 2.033333333333333
46.15611111111111, 4.526944444444444
45.35, 2.033333333333333
45.35, 2.033333333333333
45.35, 2.033333333333333
31.954444444444444, 4.029722222222222
31.838055555555556, 5.466666666666667
44.776666666666664, 16.163888888888888
43.18694444444444, 16.891111111111112
44.169444444444444, 17.36638888888889
36.4025, 33.571666666666665
36.723333333333336, 34.72666666666667
36.10194444444444, 32.61888888888889
36.63388888888889, 35.93055555555556
37.16111111111111, 36.20111111111111
40.14083333333333, 35.33583333333333
36.4025, 33.571666666666665
36.63388888888889, 35.93055555555556
40.14083333333333, 35.33583333333333
36.4025, 33.571666666666665
36.4025, 33.571666666666665
36.10194444444444, 32.61888888888889
37.16111111111111, 36.20111111111111
40.14083333333333, 35.33583333333333
36.10194444444444, 32.61888888888889
36.63388888888889, 35.93055555555556
40.14083333333333, 35.33583333333333
36.757777777777775, 35.13166666666667
36.723333333333336, 34.72666666666667
36.10194444444444, 32.61888888888889
36.63388888888889, 35.93055555555556
37.16111111111111, 36.20111111111111
40.14083333333333, 35.33583333333333
39.007777777777775, 35.952777777777776
36.757777777777775, 35.13166666666667
36.4025, 33.571666666666665
36.4025, 33.571666666666665
36.723333333333336, 34.72666666666667
36.10194444444444, 32.61888888888889
36.63388888888889, 35.93055555555556
40.14083333333333, 35.33583333333333
36.723333333333336, 34.72666666666667
36.10194444444444, 32.61888888888889
36.63388888888889, 35.93055555555556
37.16111111111111, 36.20111111111111
40.14083333333333, 35.33583333333333
39.007777777777775, 35.952777777777776
36.10194444444444, 32.61888888888889
37.16111111111111, 36.20111111111111
36.723333333333336, 34.72666666666667
36.10194444444444, 32.61888888888889
40.14083333333333, 35.33583333333333
36.723333333333336, 34.72666666666667
36.10194444444444, 32.61888888888889
40.14083333333333, 35.33583333333333
36.723333333333336, 34.72666666666667
36.63388888888889, 35.93055555555556
37.16111111111111, 36.20111111111111
40.14083333333333, 35.33583333333333
36.10194444444444, 32.61888888888889
37.16111111111111, 36.20111111111111
40.14083333333333, 35.33583333333333
36.723333333333336, 34.72666666666667
36.10194444444444, 32.61888888888889
40.14083333333333, 35.33583333333333
36.4025, 33.571666666666665
36.723333333333336, 34.72666666666667
36.10194444444444, 32.61888888888889
40.14083333333333, 35.33583333333333
36.4025, 33.571666666666665
36.723333333333336, 34.72666666666667
36.10194444444444, 32.61888888888889
36.63388888888889, 35.93055555555556
36.757777777777775, 35.13166666666667
36.10194444444444, 32.61888888888889
36.63388888888889, 35.93055555555556
36.757777777777775, 35.13166666666667
36.10194444444444, 32.61888888888889
36.63388888888889, 35.93055555555556
37.16111111111111, 36.20111111111111
36.4025, 33.571666666666665
37.16111111111111, 36.20111111111111
36.10194444444444, 32.61888888888889
37.16111111111111, 36.20111111111111
36.757777777777775, 35.13166666666667
36.10194444444444, 32.61888888888889
36.723333333333336, 34.72666666666667
36.10194444444444, 32.61888888888889
36.4025, 33.571666666666665
36.10194444444444, 32.61888888888889
36.4025, 33.571666666666665
36.4025, 33.571666666666665
36.723333333333336, 34.72666666666667
36.10194444444444, 32.61888888888889
36.63388888888889, 35.93055555555556
36.723333333333336, 34.72666666666667
36.10194444444444, 32.61888888888889
36.63388888888889, 35.93055555555556
37.16111111111111, 36.20111111111111
39.007777777777775, 35.952777777777776
36.757777777777775, 35.13166666666667
37.16111111111111, 36.20111111111111
39.007777777777775, 35.952777777777776
36.757777777777775, 35.13166666666667
36.4025, 33.571666666666665
39.007777777777775, 35.952777777777776
36.10194444444444, 32.61888888888889
36.63388888888889, 35.93055555555556
36.4025, 33.571666666666665
36.723333333333336, 34.72666666666667
36.10194444444444, 32.61888888888889
36.63388888888889, 35.93055555555556
37.16111111111111, 36.20111111111111
36.757777777777775, 35.13166666666667
35.78333333333333, 33.03333333333333
36.4025, 33.571666666666665
36.723333333333336, 34.72666666666667
36.10194444444444, 32.61888888888889
36.4025, 33.571666666666665
36.4025, 33.571666666666665
40.14083333333333, 35.33583333333333
39.007777777777775, 35.952777777777776
66.80305555555556, 36.67805555555555
62.751666666666665, 32.77027777777778
64.42555555555556, 33.54194444444445
69.16666666666667, 34.53333333333333
29.690555555555555, 3.015
29.366666666666667, -3.3833333333333333
-1.5102777777777778, 14.117777777777778
8.619722222222222, 4.622222222222222
14.570555555555556, 11.39861111111111
30.252222222222223, 1.5591666666666666
33.85527777777778, 31.04083333333333
39.66694444444445, 11.75
75.15416666666667, 33.730555555555554
44.0, 33.0
43.2875, 35.694722222222225
40.48583333333333, -2.2358333333333333
36.80555555555556, -1.2802777777777778
13.187222222222223, 32.875
-99.8825, 16.863611111111112
-94.91361111111111, 17.94972222222222
-94.44222222222223, 18.133333333333333
-98.97583333333333, 19.836944444444445
13.251388888888888, 13.626388888888888
7.596666666666667, 4.896388888888889
5.625555555555556, 6.338055555555556
13.160277777777777, 11.846388888888889
7.596666666666667, 4.896388888888889
7.857777777777778, 10.276944444444444
13.160277777777777, 11.846388888888889
13.536944444444444, 12.001944444444444
12.789722222222222, 12.323333333333334
13.918055555555556, 12.035833333333333
67.00944444444444, 30.198888888888888
74.35055555555556, 31.557777777777776
123.84027777777777, 8.148055555555555
122.01611111111112, 6.576388888888889
49.98444444444444, 26.585
26.535, 11.161944444444444
44.994166666666665, 1.853888888888889
45.35, 2.033333333333333
98.75361111111111, 8.385
43.99583333333333, 38.66277777777778
40.64694444444444, 38.46111111111111
31.92222222222222, -4.918611111111111
63.54083333333333, 8.129166666666666
64.1825, 10.453888888888889
43.257777777777775, 13.358333333333333
43.614444444444445, 13.378055555555555
36.4025, 33.571666666666665
36.10194444444444, 32.61888888888889
40.14083333333333, 35.33583333333333
36.4025, 33.571666666666665
36.4025, 33.571666666666665
36.723333333333336, 34.72666666666667
36.10194444444444, 32.61888888888889
40.14083333333333, 35.33583333333333
36.56944444444444, 32.708888888888886
36.757777777777775, 35.13166666666667
36.4025, 33.571666666666665
36.723333333333336, 34.72666666666667
36.10194444444444, 32.61888888888889
37.16111111111111, 36.20111111111111
40.14083333333333, 35.33583333333333
36.4025, 33.571666666666665
37.16111111111111, 36.20111111111111
36.4025, 33.571666666666665
36.723333333333336, 34.72666666666667
36.10194444444444, 32.61888888888889
40.14083333333333, 35.33583333333333
36.757777777777775, 35.13166666666667
36.4025, 33.571666666666665
36.4025, 33.571666666666665
36.723333333333336, 34.72666666666667
36.10194444444444, 32.61888888888889
36.63388888888889, 35.93055555555556
37.16111111111111, 36.20111111111111
40.14083333333333, 35.33583333333333
36.723333333333336, 34.72666666666667
36.10194444444444, 32.61888888888889
40.14083333333333, 35.33583333333333
36.4025, 33.571666666666665
36.723333333333336, 34.72666666666667
36.10194444444444, 32.61888888888889
40.14083333333333, 35.33583333333333
36.757777777777775, 35.13166666666667
36.723333333333336, 34.72666666666667
36.63388888888889, 35.93055555555556
37.16111111111111, 36.20111111111111
36.4025, 33.571666666666665
36.723333333333336, 34.72666666666667
36.10194444444444, 32.61888888888889
36.63388888888889, 35.93055555555556
37.16111111111111, 36.20111111111111
40.14083333333333, 35.33583333333333
36.723333333333336, 34.72666666666667
37.16111111111111, 36.20111111111111
40.14083333333333, 35.33583333333333
36.4025, 33.571666666666665
36.4025, 33.571666666666665
36.723333333333336, 34.72666666666667
36.10194444444444, 32.61888888888889
39.007777777777775, 35.952777777777776
36.4025, 33.571666666666665
36.10194444444444, 32.61888888888889
36.63388888888889, 35.93055555555556
37.16111111111111, 36.20111111111111
36.757777777777775, 35.13166666666667
40.7475, 36.50222222222222
36.4025, 33.571666666666665
40.14083333333333, 35.33583333333333
36.4025, 33.571666666666665
36.723333333333336, 34.72666666666667
36.10194444444444, 32.61888888888889
40.14083333333333, 35.33583333333333
36.757777777777775, 35.13166666666667
36.4025, 33.571666666666665
36.63388888888889, 35.93055555555556
40.14083333333333, 35.33583333333333
36.757777777777775, 35.13166666666667
36.4025, 33.571666666666665
36.4025, 33.571666666666665
36.723333333333336, 34.72666666666667
37.16111111111111, 36.20111111111111
40.14083333333333, 35.33583333333333
36.4025, 33.571666666666665
36.723333333333336, 34.72666666666667
36.63388888888889, 35.93055555555556
37.16111111111111, 36.20111111111111
36.4025, 33.571666666666665
36.723333333333336, 34.72666666666667
36.10194444444444, 32.61888888888889
36.4025, 33.571666666666665
36.4025, 33.571666666666665
36.10194444444444, 32.61888888888889
36.63388888888889, 35.93055555555556
37.16111111111111, 36.20111111111111
36.4025, 33.571666666666665
36.4025, 33.571666666666665
36.723333333333336, 34.72666666666667
36.757777777777775, 35.13166666666667
36.4025, 33.571666666666665
36.10194444444444, 32.61888888888889
36.63388888888889, 35.93055555555556
37.16111111111111, 36.20111111111111
36.723333333333336, 34.72666666666667
36.10194444444444, 32.61888888888889
36.63388888888889, 35.93055555555556
36.757777777777775, 35.13166666666667
36.63388888888889, 35.93055555555556
36.757777777777775, 35.13166666666667
36.723333333333336, 34.72666666666667
36.4025, 33.571666666666665
36.723333333333336, 34.72666666666667
36.10194444444444, 32.61888888888889
36.757777777777775, 35.13166666666667
36.723333333333336, 34.72666666666667
36.63388888888889, 35.93055555555556
37.16111111111111, 36.20111111111111
36.4025, 33.571666666666665
36.723333333333336, 34.72666666666667
36.10194444444444, 32.61888888888889
37.16111111111111, 36.20111111111111
36.4025, 33.571666666666665
36.723333333333336, 34.72666666666667
36.63388888888889, 35.93055555555556
37.16111111111111, 36.20111111111111
36.757777777777775, 35.13166666666667
36.4025, 33.571666666666665
37.16111111111111, 36.20111111111111
36.723333333333336, 34.72666666666667
36.757777777777775, 35.13166666666667
62.2, 34.35
65.7088888888889, 36.14972222222222
64.37138888888889, 31.593611111111112
69.16666666666667, 34.53333333333333
69.16666666666667, 34.53333333333333
-1.5352777777777777, 12.357222222222223
21.212222222222223, 5.2027777777777775
15.6625, 7.276388888888889
22.263055555555557, 4.648055555555556
13.377222222222223, 9.455555555555556
13.892777777777777, 11.146666666666667
29.194444444444443, -5.947222222222222
15.313333333333333, -4.3275
22.213333333333335, -7.231944444444444
-70.25, 19.3
2.183333333333333, 41.38333333333333
-90.53527777777778, 14.613333333333333
76.85027777777778, 30.694444444444443
44.40083333333333, 33.340555555555554
44.40083333333333, 33.340555555555554
106.30305555555556, 24.453333333333333
-98.28833333333333, 26.080555555555556
-95.4, 18.466666666666665
92.37611111111111, 21.003611111111113
13.571666666666667, 10.79861111111111
6.853055555555556, 5.9575
13.8225, 13.095277777777778
10.544166666666667, 8.4725
13.002777777777778, 11.585833333333333
13.213888888888889, 12.918333333333333
7.0, 9.0
12.7575, 11.155833333333334
67.00944444444444, 30.198888888888888
120.87611111111111, 14.766111111111112
120.98194444444445, 14.604166666666666
121.87527777777778, 6.542777777777777
42.548611111111114, 0.3602777777777778
29.246111111111112, 7.026666666666666
39.28333333333333, -6.8
67.58333333333333, 5.660277777777778
-63.54083333333333, 8.129166666666666
43.34916666666667, 16.66777777777778
44.6275, 13.929722222222223
44.20666666666666, 15.354722222222222
44.20666666666666, 15.354722222222222
44.20666666666666, 15.354722222222222
92.90583333333333, 20.8125
92.75555555555556, 20.481666666666666
36.4025, 33.571666666666665
36.4025, 33.571666666666665
36.723333333333336, 34.72666666666667
37.16111111111111, 36.20111111111111
40.14083333333333, 35.33583333333333
39.007777777777775, 35.952777777777776
36.4025, 33.571666666666665
36.10194444444444, 32.61888888888889
37.16111111111111, 36.20111111111111
40.14083333333333, 35.33583333333333
39.007777777777775, 35.952777777777776
36.4025, 33.571666666666665
37.16111111111111, 36.20111111111111
40.14083333333333, 35.33583333333333
39.007777777777775, 35.952777777777776
36.56944444444444, 32.708888888888886
36.4025, 33.571666666666665
36.723333333333336, 34.72666666666667
40.14083333333333, 35.33583333333333
39.007777777777775, 35.952777777777776
36.757777777777775, 35.13166666666667
36.4025, 33.571666666666665
36.4025, 33.571666666666665
36.723333333333336, 34.72666666666667
37.16111111111111, 36.20111111111111
40.14083333333333, 35.33583333333333
36.757777777777775, 35.13166666666667
36.723333333333336, 34.72666666666667
36.63388888888889, 35.93055555555556
40.14083333333333, 35.33583333333333
39.007777777777775, 35.952777777777776
36.4025, 33.571666666666665
36.63388888888889, 35.93055555555556
39.007777777777775, 35.952777777777776
36.757777777777775, 35.13166666666667
36.723333333333336, 34.72666666666667
36.63388888888889, 35.93055555555556
39.007777777777775, 35.952777777777776
36.757777777777775, 35.13166666666667
36.4025, 33.571666666666665
36.4025, 33.571666666666665
36.723333333333336, 34.72666666666667
39.007777777777775, 35.952777777777776
36.757777777777775, 35.13166666666667
36.4025, 33.571666666666665
36.723333333333336, 34.72666666666667
39.007777777777775, 35.952777777777776
39.007777777777775, 35.952777777777776
36.723333333333336, 34.72666666666667
36.63388888888889, 35.93055555555556
39.007777777777775, 35.952777777777776
36.4025, 33.571666666666665
36.10194444444444, 32.61888888888889
37.16111111111111, 36.20111111111111
39.007777777777775, 35.952777777777776
36.4025, 33.571666666666665
36.723333333333336, 34.72666666666667
37.16111111111111, 36.20111111111111
39.007777777777775, 35.952777777777776
36.757777777777775, 35.13166666666667
36.4025, 33.571666666666665
36.4025, 33.571666666666665
36.10194444444444, 32.61888888888889
37.16111111111111, 36.20111111111111
39.007777777777775, 35.952777777777776
36.4025, 33.571666666666665
36.63388888888889, 35.93055555555556
37.16111111111111, 36.20111111111111
39.007777777777775, 35.952777777777776
35.78333333333333, 33.03333333333333
36.4025, 33.571666666666665
39.007777777777775, 35.952777777777776
36.757777777777775, 35.13166666666667
36.4025, 33.571666666666665
36.4025, 33.571666666666665
36.723333333333336, 34.72666666666667
36.63388888888889, 35.93055555555556
37.16111111111111, 36.20111111111111
39.007777777777775, 35.952777777777776
36.4025, 33.571666666666665
36.723333333333336, 34.72666666666667
39.007777777777775, 35.952777777777776
36.757777777777775, 35.13166666666667
36.4025, 33.571666666666665
36.4025, 33.571666666666665
36.723333333333336, 34.72666666666667
36.10194444444444, 32.61888888888889
37.16111111111111, 36.20111111111111
39.007777777777775, 35.952777777777776
36.723333333333336, 34.72666666666667
39.007777777777775, 35.952777777777776
36.757777777777775, 35.13166666666667
36.4025, 33.571666666666665
36.4025, 33.571666666666665
36.723333333333336, 34.72666666666667
36.10194444444444, 32.61888888888889
37.16111111111111, 36.20111111111111
36.757777777777775, 35.13166666666667
36.723333333333336, 34.72666666666667
36.757777777777775, 35.13166666666667
36.4025, 33.571666666666665
36.723333333333336, 34.72666666666667
36.10194444444444, 32.61888888888889
36.63388888888889, 35.93055555555556
36.4025, 33.571666666666665
36.723333333333336, 34.72666666666667
36.10194444444444, 32.61888888888889
36.723333333333336, 34.72666666666667
36.4025, 33.571666666666665
36.4025, 33.571666666666665
36.4025, 33.571666666666665
36.10194444444444, 32.61888888888889
36.723333333333336, 34.72666666666667
36.10194444444444, 32.61888888888889
69.76694444444445, 34.935
71.49055555555556, 34.757222222222225
66.03944444444444, 31.20861111111111
69.16666666666667, 34.53333333333333
90.36666666666666, 23.7
22.085833333333333, 6.685555555555555
14.011388888888888, 11.161944444444444
14.325, 11.124444444444444
29.00111111111111, 2.7777777777777777
39.066944444444445, 5.587777777777777
42.04333333333334, 9.360277777777778
38.44777777777778, 6.717777777777778
77.59361111111112, 12.971944444444444
91.27916666666667, 23.835833333333333
46.266666666666666, 31.05
12.985277777777778, 31.449166666666667
-92.93027777777777, 17.986666666666668
-101.3561111111111, 20.676666666666666
14.02, 11.661944444444444
13.151666666666667, 11.980833333333333
8.784722222222221, 10.081944444444444
14.183055555555555, 12.215277777777779
13.002777777777778, 11.585833333333333
14.401666666666667, 12.325277777777778
13.918055555555556, 12.035833333333333
74.65694444444445, 32.48833333333334
-73.60777777777778, -10.725833333333334
41.13527777777778, 2.7691666666666666
49.074444444444445, 10.38111111111111
45.12111111111111, 2.1380555555555554
43.64972222222222, 3.113611111111111
45.20361111111111, 4.735833333333334
47.43083333333333, 6.769722222222223
45.35, 2.033333333333333
45.35, 2.033333333333333
45.35, 2.033333333333333
28.955, 41.01361111111111
44.61527777777778, 15.473333333333333
27.474722222222223, -25.698888888888888
27.33138888888889, -25.66
18.423055555555557, -33.92583333333333
36.63388888888889, 35.93055555555556
40.14083333333333, 35.33583333333333
39.007777777777775, 35.952777777777776
36.4025, 33.571666666666665
36.4025, 33.571666666666665
40.14083333333333, 35.33583333333333
39.007777777777775, 35.952777777777776
36.63388888888889, 35.93055555555556
40.14083333333333, 35.33583333333333
39.007777777777775, 35.952777777777776
36.4025, 33.571666666666665
37.16111111111111, 36.20111111111111
40.14083333333333, 35.33583333333333
39.007777777777775, 35.952777777777776
36.4025, 33.571666666666665
36.4025, 33.571666666666665
36.10194444444444, 32.61888888888889
36.757777777777775, 35.13166666666667
36.723333333333336, 34.72666666666667
40.14083333333333, 35.33583333333333
39.007777777777775, 35.952777777777776
36.766666666666666, 34.1
36.4025, 33.571666666666665
40.14083333333333, 35.33583333333333
39.007777777777775, 35.952777777777776
36.4025, 33.571666666666665
40.14083333333333, 35.33583333333333
36.4025, 33.571666666666665
40.14083333333333, 35.33583333333333
39.007777777777775, 35.952777777777776
36.757777777777775, 35.13166666666667
36.4025, 33.571666666666665
36.10194444444444, 32.61888888888889
40.14083333333333, 35.33583333333333
39.007777777777775, 35.952777777777776
36.757777777777775, 35.13166666666667
36.4025, 33.571666666666665
36.10194444444444, 32.61888888888889
40.14083333333333, 35.33583333333333
36.757777777777775, 35.13166666666667
36.723333333333336, 34.72666666666667
40.14083333333333, 35.33583333333333
36.10194444444444, 32.61888888888889
40.14083333333333, 35.33583333333333
39.007777777777775, 35.952777777777776
36.10194444444444, 32.61888888888889
40.14083333333333, 35.33583333333333
39.007777777777775, 35.952777777777776
36.757777777777775, 35.13166666666667
36.723333333333336, 34.72666666666667
36.63388888888889, 35.93055555555556
40.14083333333333, 35.33583333333333
39.007777777777775, 35.952777777777776
36.4025, 33.571666666666665
36.63388888888889, 35.93055555555556
40.14083333333333, 35.33583333333333
35.78333333333333, 33.03333333333333
36.723333333333336, 34.72666666666667
36.10194444444444, 32.61888888888889
36.63388888888889, 35.93055555555556
36.757777777777775, 35.13166666666667
36.723333333333336, 34.72666666666667
36.63388888888889, 35.93055555555556
36.757777777777775, 35.13166666666667
36.723333333333336, 34.72666666666667
36.63388888888889, 35.93055555555556
37.16111111111111, 36.20111111111111
36.757777777777775, 35.13166666666667
36.63388888888889, 35.93055555555556
36.757777777777775, 35.13166666666667
36.723333333333336, 34.72666666666667
36.63388888888889, 35.93055555555556
36.757777777777775, 35.13166666666667
36.63388888888889, 35.93055555555556
36.757777777777775, 35.13166666666667
36.10194444444444, 32.61888888888889
36.63388888888889, 35.93055555555556
39.007777777777775, 35.952777777777776
36.4025, 33.571666666666665
36.10194444444444, 32.61888888888889
36.63388888888889, 35.93055555555556
39.007777777777775, 35.952777777777776
36.10194444444444, 32.61888888888889
36.63388888888889, 35.93055555555556
39.007777777777775, 35.952777777777776
36.63388888888889, 35.93055555555556
36.10194444444444, 32.61888888888889
36.63388888888889, 35.93055555555556
36.757777777777775, 35.13166666666667
36.10194444444444, 32.61888888888889
36.63388888888889, 35.93055555555556
