lng,lat
67.79722222222222, 34.403888888888886
70.44777777777777, 34.43416666666667
64.37138888888889, 31.593611111111112
64.20805555555556, 31.404444444444444
69.92027777777778, 33.339444444444446
63.67444444444445, 33.58222222222222
70.76083333333334, 34.290277777777774
67.46972222222222, 33.14333333333333
70.59861111111111, 34.15555555555556
69.33305555555556, 34.92777777777778
45.8475, 40.78944444444444
30.497777777777777, -3.4458333333333333
89.25166666666667, 25.746388888888887
14.570555555555556, 11.39861111111111
15.322222222222223, -4.325
31.5, 30.583333333333332
2.35, 48.85
47.81666666666667, 30.5
44.40083333333333, 33.340555555555554
44.40083333333333, 33.340555555555554
44.40083333333333, 33.340555555555554
44.153055555555554, 33.46
44.40083333333333, 33.340555555555554
44.40083333333333, 33.340555555555554
44.40083333333333, 33.340555555555554
42.38861111111111, 34.095555555555556
44.40083333333333, 33.340555555555554
44.40083333333333, 33.340555555555554
35.85, 34.43333333333333
13.187222222222223, 32.875
3.0175, 15.4275
2.105277777777778, 13.52138888888889
8.0, 13.805277777777778
8.45, 9.25
9.179444444444444, 9.390277777777778
8.469722222222222, 9.612222222222222
13.851111111111111, 12.535277777777777
11.966666666666667, 11.383333333333333
13.160277777777777, 11.846388888888889
11.080833333333333, 11.713888888888889
5.75, 7.516666666666667
11.167222222222222, 10.289444444444445
11.080833333333333, 11.713888888888889
9.8475, 7.963055555555556
13.160277777777777, 11.846388888888889
7.854722222222222, 7.905833333333334
7.325555555555556, 5.810833333333333
5.6274999999999995, 6.335
8.254722222222222, 9.840833333333334
13.881944444444445, 11.135555555555555
9.8475, 7.963055555555556
67.29444444444445, 28.46527777777778
68.63777777777777, 27.956944444444446
24.666666666666668, 14.2
25.083333333333332, 13.316666666666666
24.746111111111112, 13.144166666666667
26.125833333333333, 11.461666666666666
45.5, 4.0
43.64972222222222, 3.113611111111111
45.12111111111111, 2.1380555555555554
45.5, 4.0
25.677777777777777, 8.459444444444445
37.49666666666667, 47.600833333333334
37.80277777777778, 48.022222222222226
37.80277777777778, 48.022222222222226
37.80277777777778, 48.022222222222226
44.20666666666666, 15.354722222222222
44.405, 14.5425
44.73111111111111, 13.695555555555556
38.0, 35.0
38.0, 35.0
38.0, 35.0
38.0, 35.0
38.0, 35.0
38.0, 35.0
38.0, 35.0
38.0, 35.0
38.0, 35.0
38.0, 35.0
38.0, 35.0
38.0, 35.0
38.0, 35.0
38.0, 35.0
38.0, 35.0
38.0, 35.0
38.0, 35.0
38.0, 35.0
38.0, 35.0
38.0, 35.0
38.0, 35.0
38.0, 35.0
38.0, 35.0
38.0, 35.0
38.0, 35.0
38.0, 35.0
38.0, 35.0
38.0, 35.0
38.0, 35.0
38.0, 35.0
38.0, 35.0
41.87361111111111, 36.594166666666666
9.250277777777777, 7.689166666666667
62.0, 34.5
70.44777777777777, 34.43416666666667
65.71, 31.613055555555555
91.00972222222222, 23.441666666666666
89.5, 25.25
90.36666666666666, 23.7
16.379722222222224, 6.319166666666667
79.54416666666667, 36.07666666666667
14.2275, 12.373055555555556
29.473055555555554, 0.4911111111111111
-75.28444444444445, 1.6780555555555554
31.233333333333334, 30.05
-86.5, 16.333333333333332
44.40083333333333, 33.340555555555554
44.0, 33.0
44.40083333333333, 33.340555555555554
44.40083333333333, 33.340555555555554
42.548611111111114, 33.85111111111111
44.40083333333333, 33.340555555555554
44.39222222222222, 35.46805555555556
44.40083333333333, 33.340555555555554
44.40083333333333, 33.340555555555554
44.40083333333333, 33.340555555555554
44.40083333333333, 33.340555555555554
45.083333333333336, 33.7
44.40083333333333, 33.340555555555554
36.81666666666667, -1.2833333333333332
36.09527777777778, 1.1691666666666667
36.93666666666667, -1.3625
-10.801388888888889, 6.3133333333333335
15.6, 31.516666666666666
22.636666666666667, 32.76694444444445
22.24222222222222, 32.76138888888889
12.61111111111111, 13.315277777777778
13.251388888888888, 13.626388888888888
11.080833333333333, 11.713888888888889
3.3247222222222224, 6.466944444444445
9.84388888888889, 10.315833333333334
9.250277777777777, 7.689166666666667
7.854722222222222, 7.905833333333334
9.563333333333333, 7.643888888888889
12.63111111111111, 12.173055555555555
12.194444444444445, 10.612777777777778
13.160277777777777, 11.846388888888889
7.4225, 4.6994444444444445
11.960833333333333, 11.746944444444445
13.160277777777777, 11.846388888888889
8.916944444444445, 9.565833333333334
12.194444444444445, 10.612777777777778
8.684722222222222, 9.567777777777778
12.924722222222222, 10.31
11.080833333333333, 11.713888888888889
7.274444444444445, 12.444166666666666
11.080833333333333, 11.713888888888889
8.516666666666667, 12.0
8.891944444444444, 9.928333333333333
12.194444444444445, 10.612777777777778
71.57833333333333, 34.007777777777775
71.45194444444445, 33.994166666666665
74.34361111111112, 31.55
70.0, 30.0
67.08194444444445, 24.905555555555555
124.16666666666667, 9.833333333333334
37.61666666666667, 55.75
24.333333333333332, 11.016666666666667
24.666666666666668, 14.2
24.666666666666668, 14.2
34.35916666666667, 11.78888888888889
22.887777777777778, 14.154444444444444
36.39972222222222, 15.450833333333334
43.64972222222222, 3.113611111111111
45.35, 2.033333333333333
44.0, 1.1166666666666667
45.35, 2.033333333333333
44.0, 1.1166666666666667
45.35, 2.033333333333333
45.20361111111111, 4.735833333333334
45.35, 2.033333333333333
31.6, 4.85
14.017222222222221, 13.527777777777779
37.80277777777778, 48.022222222222226
37.80277777777778, 48.022222222222226
37.80277777777778, 48.022222222222226
37.80277777777778, 48.022222222222226
37.556111111111115, 48.723055555555554
37.098333333333336, 47.3675
38.0, 35.0
38.0, 35.0
38.0, 35.0
38.0, 35.0
38.0, 35.0
38.0, 35.0
38.0, 35.0
38.0, 35.0
38.0, 35.0
38.0, 35.0
38.0, 35.0
38.0, 35.0
38.0, 35.0
38.0, 35.0
38.0, 35.0
38.0, 35.0
38.0, 35.0
38.0, 35.0
38.0, 35.0
38.0, 35.0
38.0, 35.0
38.0, 35.0
38.0, 35.0
38.0, 35.0
38.0, 35.0
38.0, 35.0
38.0, 35.0
38.0, 35.0
70.45, 34.333333333333336
68.49361111111111, 34.10805555555555
69.16666666666667, 34.53333333333333
64.37138888888889, 31.593611111111112
64.37138888888889, 31.593611111111112
68.42083333333333, 33.55388888888889
68.61444444444444, 33.841388888888886
69.16666666666667, 34.53333333333333
70.21722222222222, 33.461666666666666
68.44694444444444, 33.30583333333333
90.36666666666666, 23.7
-46.63333333333333, 23.55
-70.15, 19.06
44.40083333333333, 33.340555555555554
44.40083333333333, 33.340555555555554
44.2775, 33.529444444444444
76.89583333333333, 43.7775
36.9475, -0.42
16.58888888888889, 31.205277777777777
8.0, 12.65
0.044722222222222226, 16.27166666666667
32.583333333333336, -25.966666666666665
13.144444444444444, 14.0
7.689444444444445, 11.67361111111111
12.924722222222222, 10.31
3.3958333333333335, 6.453055555555555
12.7575, 11.155833333333334
12.061944444444444, 10.216111111111111
13.160277777777777, 11.846388888888889
8.916944444444445, 9.565833333333334
8.268055555555556, 9.3825
9.250277777777777, 7.689166666666667
13.160277777777777, 11.846388888888889
8.916944444444445, 9.565833333333334
6.772222222222222, 4.7316666666666665
7.854722222222222, 7.905833333333334
8.916944444444445, 9.565833333333334
14.217222222222222, 12.370555555555555
7.355277777777777, 6.511666666666667
7.596666666666667, 4.896388888888889
6.8838888888888885, 5.026666666666666
10.213055555555556, 7.590833333333333
12.088611111111112, 10.904722222222222
10.828333333333333, 10.8025
67.08194444444445, 24.905555555555555
67.08194444444445, 24.905555555555555
74.34361111111112, 31.549722222222222
71.58638888888889, 34.006388888888885
71.98083333333334, 33.92527777777778
25.883333333333333, 14.016666666666667
25.55, 14.133333333333333
25.55, 14.133333333333333
25.75, 12.75
25.47222222222222, 10.391666666666667
24.9, 13.5
25.55, 14.133333333333333
24.883333333333333, 12.05
42.54416666666667, 3.8030555555555554
45.20361111111111, 4.735833333333334
45.35, 2.033333333333333
10.183333333333334, 36.8
28.955, 41.01361111111111
26.955, 41.01361111111111
32.58111111111111, 0.3136111111111111
44.20666666666666, 15.354722222222222
44.20638888888889, 15.348333333333333
44.02194444444444, 13.578888888888889
44.20666666666666, 15.354722222222222
43.198055555555555, 16.557777777777776
45.03666666666667, 12.779444444444444
30.485833333333332, -26.055555555555557
38.0, 35.0
38.0, 35.0
38.0, 35.0
38.0, 35.0
38.0, 35.0
38.0, 35.0
38.0, 35.0
38.0, 35.0
38.0, 35.0
38.0, 35.0
38.0, 35.0
38.0, 35.0
38.0, 35.0
38.0, 35.0
38.0, 35.0
38.0, 35.0
38.0, 35.0
38.0, 35.0
38.0, 35.0
38.0, 35.0
38.0, 35.0
38.0, 35.0
38.0, 35.0
38.0, 35.0
38.0, 35.0
38.0, 35.0
38.0, 35.0
38.0, 35.0
38.0, 35.0
38.0, 35.0
38.0, 35.0
25.565833333333334, 14.144444444444444
69.92027777777778, 33.339444444444446
68.8861111111111, 33.929722222222225
68.715, 35.94444444444444
70.41666666666667, 34.333333333333336
67.75, 33.333333333333336
65.87805555555556, 32.62972222222222
68.86611111111111, 34.39555555555555
69.67916666666666, 34.79694444444444
67.23944444444444, 33.294444444444444
70.44777777777777, 34.43416666666667
62.94, 31.74972222222222
70.41805555555555, 34.82222222222222
69.0, 37.0
71.4036111111111, 35.015
0.0, 0.0
29.366666666666667, -3.3833333333333333
-46.63333333333333, -23.55
-46.63333333333333, -23.55
14.0925, 11.168888888888889
29.550555555555555, 0.41833333333333333
34.11055555555556, 31.21611111111111
79.41972222222222, 13.635277777777778
44.40083333333333, 33.340555555555554
44.40083333333333, 33.340555555555554
44.40083333333333, 33.340555555555554
43.291111111111114, 33.44833333333333
44.40083333333333, 33.340555555555554
44.40083333333333, 33.340555555555554
44.40083333333333, 33.340555555555554
44.40083333333333, 33.340555555555554
44.40083333333333, 33.340555555555554
44.40083333333333, 33.340555555555554
44.40083333333333, 33.340555555555554
44.40083333333333, 33.340555555555554
44.40083333333333, 33.340555555555554
44.40083333333333, 33.340555555555554
40.3, 0.05
39.66138888888889, -0.4513888888888889
35.784166666666664, 1.836111111111111
40.929722222222225, 2.8091666666666666
15.0925, 32.375277777777775
10.25, 37.9
13.833333333333334, 33.0
21.755, 32.7625
11.596111111111112, 13.973055555555556
9.250277777777777, 7.689166666666667
11.167222222222222, 10.289444444444445
8.516666666666667, 12.0
6.668333333333333, 5.394722222222223
7.226111111111111, 13.09361111111111
12.2475, 10.4325
12.878055555555555, 10.635555555555555
12.088611111111112, 10.904722222222222
6.839444444444444, 4.748055555555555
6.655555555555556, 5.341666666666667
7.835833333333333, 6.426944444444445
8.162777777777778, 6.053055555555556
6.0072222222222225, 5.489722222222222
7.854722222222222, 7.905833333333334
13.579166666666667, 11.176388888888889
10.213055555555556, 7.590833333333333
8.268055555555556, 9.3825
8.768055555555556, 8.167222222222222
8.766666666666667, 7.966666666666667
11.948888888888888, 11.452222222222222
5.775833333333333, 5.5713888888888885
5.625555555555556, 6.338055555555556
62.95944444444444, 25.993055555555557
67.08194444444445, 24.905555555555555
67.08194444444445, 24.905555555555555
26.543333333333333, 11.586944444444445
24.5, 13.0
27.066666666666666, 11.95
25.0, 13.0
45.35, 2.033333333333333
45.35, 2.033333333333333
48.48277777777778, 8.401944444444444
45.35, 2.033333333333333
45.35, 2.033333333333333
43.64972222222222, 3.113611111111111
7.0, 9.0
30.523333333333333, 50.45
30.523333333333333, 50.45
29.495555555555555, 0.6533333333333334
20.066666666666666, 32.11666666666667
13.187222222222223, 32.875
42.95444444444445, 14.797777777777778
45.03861111111111, 12.775
44.20666666666666, 15.354722222222222
45.03666666666667, 12.779444444444444
44.020833333333336, 13.579444444444444
45.03666666666667, 12.779444444444444
44.20666666666666, 15.354722222222222
44.020833333333336, 13.579444444444444
43.86361111111111, 14.93138888888889
31.05, -29.883333333333333
38.0, 35.0
38.0, 35.0
38.0, 35.0
38.0, 35.0
38.0, 35.0
38.0, 35.0
38.0, 35.0
38.0, 35.0
38.0, 35.0
38.0, 35.0
38.0, 35.0
38.0, 35.0
38.0, 35.0
38.0, 35.0
38.0, 35.0
38.0, 35.0
38.0, 35.0
38.0, 35.0
38.0, 35.0
38.0, 35.0
38.0, 35.0
38.0, 35.0
38.0, 35.0
38.0, 35.0
38.0, 35.0
38.0, 35.0
38.0, 35.0
38.0, 35.0
38.0, 35.0
38.0, 35.0
6.655, 10.82611111111111
10.044722222222223, 7.411388888888889
35.26972222222222, 0.5202777777777777
66.5525, 31.519444444444446
69.16666666666667, 34.53333333333333
68.06333333333333, 32.88361111111111
69.16666666666667, 34.53333333333333
65.93222222222222, 36.21527777777778
62.21222222222222, 34.21222222222222
29.366666666666667, -3.3833333333333333
91.87194444444444, 24.898888888888887
-44.0, -18.0
-38.99861111111111, -12.505833333333333
29.446666666666665, -1.1866666666666665
27.95916666666667, -6.934166666666666
28.016666666666666, -5.95
29.473055555555554, 0.4911111111111111
29.473055555555554, 0.4911111111111111
29.495555555555555, 0.6533333333333334
44.40083333333333, 33.340555555555554
44.40083333333333, 33.340555555555554
45.077777777777776, 33.69611111111111
44.40083333333333, 33.340555555555554
44.0, 33.0
38.0, 1.0
37.581944444444446, 0.35444444444444445
20.066666666666666, 32.11666666666667
20.066666666666666, 32.11666666666667
0.9013888888888889, 15.594166666666666
3.6, 13.2
10.865277777777777, 9.221944444444444
9.553055555555556, 7.289444444444444
10.044722222222223, 7.411388888888889
8.916944444444445, 9.565833333333334
5.220833333333333, 7.623055555555555
11.960833333333333, 11.746944444444445
13.069722222222222, 11.201944444444445
9.75, 9.1
13.628055555555555, 10.889166666666666
8.768055555555556, 8.167222222222222
8.916944444444445, 9.565833333333334
12.932222222222222, 10.26388888888889
9.563333333333333, 7.643888888888889
12.781666666666666, 12.4975
9.250277777777777, 7.689166666666667
6.655555555555556, 5.341666666666667
12.2475, 10.4325
13.421388888888888, 11.653888888888888
7.0, 9.0
71.49055555555556, 34.757222222222225
67.08194444444445, 24.905555555555555
66.845, 29.799166666666668
49.989444444444445, 26.571666666666665
26.543333333333333, 11.586944444444445
24.333333333333332, 13.2
-88.53333333333333, 13.433333333333334
45.35, 2.033333333333333
47.43083333333333, 6.788055555555555
44.77305555555556, 7.916666666666667
42.548611111111114, 0.3602777777777778
45.35, 2.033333333333333
45.35, 2.033333333333333
45.85, 5.583333333333333
42.548611111111114, 0.3602777777777778
49.18138888888889, 77.28416666666666
28.403333333333332, 8.375833333333333
15.090555555555556, 32.3775
44.020833333333336, 13.579444444444444
44.98, 12.784444444444444
43.763888888888886, 16.94
43.90972222222222, 16.23
44.020833333333336, 13.579444444444444
42.812777777777775, 16.320833333333333
44.020833333333336, 13.579444444444444
43.25, 16.0
44.020833333333336, 13.579444444444444
45.03666666666667, 12.779444444444444
46.83277777777778, 14.912777777777778
38.0, 35.0
38.0, 35.0
38.0, 35.0
38.0, 35.0
38.0, 35.0
38.0, 35.0
38.0, 35.0
38.0, 35.0
38.0, 35.0
38.0, 35.0
38.0, 35.0
38.0, 35.0
38.0, 35.0
38.0, 35.0
38.0, 35.0
38.0, 35.0
38.0, 35.0
38.0, 35.0
38.0, 35.0
38.0, 35.0
38.0, 35.0
38.0, 35.0
38.0, 35.0
38.0, 35.0
38.0, 35.0
38.0, 35.0
38.0, 35.0
38.0, 35.0
38.0, 35.0
38.0, 35.0
38.0, 35.0
47.35, 5.0
70.3925, 32.24
66.7225, 35.84111111111111
66.00722222222223, 32.08027777777778
65.46555555555555, 32.58444444444444
64.99416666666667, 32.12027777777778
71.46305555555556, 36.85388888888889
64.1175, 31.52111111111111
70.13138888888889, 36.76972222222222
70.82305555555556, 34.187222222222225
29.466666666666665, 0.5
44.40083333333333, 33.340555555555554
44.40083333333333, 33.340555555555554
44.40083333333333, 33.340555555555554
44.40083333333333, 33.340555555555554
44.40083333333333, 33.340555555555554
44.40083333333333, 33.340555555555554
44.40083333333333, 33.340555555555554
44.39222222222222, 35.46805555555556
44.40083333333333, 33.340555555555554
37.5, 0.43333333333333335
40.344722222222224, 3.943888888888889
47.97833333333333, 29.369722222222222
-99.8825, 16.863611111111112
12.93, 13.500833333333333
13.294166666666667, 13.733055555555556
13.160277777777777, 11.846388888888889
13.421388888888888, 11.653888888888888
9.088611111111112, 7.043888888888889
13.160277777777777, 11.846388888888889
13.160277777777777, 11.846388888888889
12.481388888888889, 9.208333333333334
3.4, 6.45
13.160277777777777, 11.846388888888889
12.878055555555555, 10.635833333333334
12.7575, 11.155833333333334
13.612222222222222, 12.670555555555556
8.835277777777778, 9.727777777777778
3.3544444444444443, 7.154166666666667
7.2025, 4.6691666666666665
13.160277777777777, 11.846388888888889
3.3958333333333335, 6.453055555555555
11.93388888888889, 11.499444444444444
12.2475, 10.4325
13.160277777777777, 11.846388888888889
67.00944444444444, 30.198888888888888
22.447222222222223, 13.4525
30.379444444444445, 10.632222222222222
45.8, 2.3
45.20361111111111, 4.735833333333334
45.20361111111111, 4.735833333333334
45.35, 2.033333333333333
44.77166666666667, 1.7158333333333333
44.51138888888889, 2.716111111111111
29.47388888888889, 4.9158333333333335
15.049166666666666, 12.113055555555556
10.633333333333333, 35.833333333333336
40.25, 37.9
44.20666666666666, 15.354722222222222
43.914722222222224, 17.063333333333333
43.25, 16.0
43.90972222222222, 16.23
44.20666666666666, 15.354722222222222
45.03666666666667, 12.779444444444444
43.53611111111111, 15.391944444444444
44.20666666666666, 15.354722222222222
38.0, 35.0
38.0, 35.0
38.0, 35.0
38.0, 35.0
38.0, 35.0
38.0, 35.0
38.0, 35.0
38.0, 35.0
38.0, 35.0
38.0, 35.0
38.0, 35.0
38.0, 35.0
38.0, 35.0
38.0, 35.0
38.0, 35.0
38.0, 35.0
38.0, 35.0
38.0, 35.0
38.0, 35.0
38.0, 35.0
38.0, 35.0
38.0, 35.0
38.0, 35.0
38.0, 35.0
38.0, 35.0
38.0, 35.0
38.0, 35.0
38.0, 35.0
38.0, 35.0
38.0, 35.0
40.016666666666666, 1.75
32.66722222222222, 0.35583333333333333
70.82305555555556, 34.187222222222225
64.48861111111111, 32.41722222222222
69.81138888888889, 34.92722222222222
69.92027777777778, 33.339444444444446
68.58222222222223, 34.525
64.295, 35.95638888888889
70.47666666666667, 34.5575
69.36361111111111, 35.74333333333333
-60.016666666666666, -3.1
14.2275, 12.373055555555556
14.5, 12.75
14.315833333333334, 10.590833333333334
14.315833333333334, 10.590833333333334
29.473055555555554, 0.4911111111111111
3.6733333333333333, 32.490833333333335
34.1, 31.2
31.210833333333333, 30.008055555555554
90.79833333333333, 14.523888888888889
91.3, 14.2
43.860277777777775, 33.17166666666667
44.40083333333333, 33.340555555555554
44.40083333333333, 33.340555555555554
44.53333333333333, 33.808055555555555
44.545833333333334, 33.57055555555556
44.555, 33.78055555555556
44.40083333333333, 33.340555555555554
44.40083333333333, 33.340555555555554
44.53611111111111, 34.581944444444446
41.0, 33.0
41.46222222222222, 3.3577777777777778
41.85666666666667, 3.937222222222222
40.833333333333336, -1.75
22.636666666666667, 32.76694444444445
20.066666666666666, 32.11666666666667
-102.33888888888889, 20.285
14.428333333333333, 27.0375
33.78333333333333, -13.983333333333333
13.063333333333333, 13.551666666666666
13.273055555555555, 13.665277777777778
13.617222222222223, 12.578333333333333
13.56611111111111, 12.924722222222222
13.363055555555556, 13.002222222222223
12.14611111111111, 10.731111111111112
13.160277777777777, 11.846388888888889
11.080833333333333, 11.713888888888889
13.073333333333334, 10.7225
8.891944444444444, 9.928333333333333
6.891944444444444, 12.629444444444445
7.7225, 11.11111111111111
8.916944444444445, 9.565833333333334
3.917222222222222, 6.819444444444445
12.757777777777777, 11.76
13.617222222222223, 12.578333333333333
7.6241666666666665, 6.315
7.013333333333334, 4.777222222222222
12.630555555555556, 11.83
12.18, 11.895555555555555
12.508333333333333, 13.105
13.851111111111111, 12.535277777777777
4.560277777777777, 7.482222222222222
12.257777777777777, 11.76
11.167222222222222, 10.289444444444445
3.262777777777778, 6.4719444444444445
11.960833333333333, 11.746944444444445
11.167222222222222, 10.289444444444445
9.284444444444444, 7.1691666666666665
9.284444444444444, 7.1691666666666665
6.470833333333333, 5.085555555555556
11.167222222222222, 10.289444444444445
12.159166666666668, 10.720277777777778
13.314166666666667, 10.760555555555555
11.960833333333333, 11.746944444444445
12.878055555555555, 10.635833333333334
11.948888888888888, 11.4525
13.160277777777777, 11.846388888888889
74.53111111111112, 32.4925
144.15, -5.533333333333333
25.966666666666665, 11.533333333333333
25.55, 14.133333333333333
25.55, 14.133333333333333
89.18694444444445, 13.689166666666667
45.12111111111111, 2.1380555555555554
44.743611111111115, 1.7491666666666668
45.35, 2.033333333333333
45.35, 2.033333333333333
41.33555555555556, 3.1527777777777777
45.35, 2.033333333333333
44.77166666666667, 1.7158333333333333
42.74166666666667, 0.2897222222222222
45.35, 2.033333333333333
45.35, 2.033333333333333
14.816666666666666, 13.483333333333333
15.044166666666667, 12.106666666666667
15.044166666666667, 12.106666666666667
100.32305555555556, 6.667222222222222
38.42527777777778, 36.97611111111111
45.03666666666667, 12.779444444444444
43.324444444444445, 14.516111111111112
45.03666666666667, 12.779444444444444
44.20666666666666, 15.354722222222222
45.5725, 13.985
44.20666666666666, 15.354722222222222
44.318888888888885, 13.584444444444445
45.03666666666667, 12.779444444444444
43.249722222222225, 13.318055555555556
9.563333333333333, 21.310555555555556
44.77166666666667, 1.7158333333333333
38.0, 35.0
38.0, 35.0
38.0, 35.0
38.0, 35.0
38.0, 35.0
38.0, 35.0
38.0, 35.0
38.0, 35.0
38.0, 35.0
38.0, 35.0
38.0, 35.0
38.0, 35.0
38.0, 35.0
38.0, 35.0
38.0, 35.0
38.0, 35.0
38.0, 35.0
38.0, 35.0
38.0, 35.0
38.0, 35.0
38.0, 35.0
38.0, 35.0
38.0, 35.0
38.0, 35.0
38.0, 35.0
38.0, 35.0
38.0, 35.0
38.0, 35.0
38.0, 35.0
38.0, 35.0
38.0, 35.0
69.16666666666667, 34.53333333333333
69.11166666666666, 36.60611111111111
69.16666666666667, 34.53333333333333
70.66111111111111, 34.056666666666665
69.16666666666667, 34.53333333333333
70.37166666666667, 34.29055555555556
65.86666666666666, 32.55
29.366666666666667, -3.3833333333333333
29.366666666666667, 3.3833333333333333
90.36666666666666, 23.7
-46.63333333333333, -23.55
40.84111111111111, 2.902222222222222
20.820555555555554, 4.600555555555555
20.675555555555555, 5.767777777777778
14.315833333333334, 10.590833333333334
14.571111111111112, 12.331388888888888
28.033333333333335, 1.4
34.1, 31.2
1.9049999999999998, 7.64
85.33833333333334, 23.34777777777778
74.09194444444445, 33.769444444444446
75.13361111111111, 15.3475
44.40083333333333, 33.340555555555554
44.646388888888886, 33.74638888888889
44.40083333333333, 33.340555555555554
44.40083333333333, 33.340555555555554
41.75, 33.0
43.11888888888889, 36.335
40.14611111111111, -2.7705555555555557
22.636666666666667, 32.76694444444445
-1.9230555555555555, 16.877777777777776
32.6, 25.966666666666665
13.421388888888888, 11.653888888888888
11.966666666666667, 11.383333333333333
13.54888888888889, 10.851944444444445
8.77361111111111, 8.369166666666667
11.237222222222222, 11.376944444444444
13.66611111111111, 12.846388888888889
12.7575, 11.155833333333334
9.563333333333333, 7.643888888888889
13.29138888888889, 11.898888888888889
11.881666666666666, 11.149444444444445
4.541944444444445, 8.49638888888889
12.508333333333333, 13.105
10.544166666666667, 8.4725
11.960833333333333, 11.746944444444445
12.7575, 11.155833333333334
13.10388888888889, 12.508611111111112
66.25833333333334, 28.49138888888889
72.33416666666666, 33.50805555555556
71.49055555555556, 34.757222222222225
70.0, 30.0
74.53111111111112, 32.4925
121.02916666666667, 5.926944444444445
125.80777777777777, 7.447777777777778
42.50527777777778, 18.216944444444444
24.333333333333332, 11.016666666666667
31.6, 4.85
-89.16666666666667, 13.666666666666666
-89.16666666666667, 13.666666666666666
45.35, 2.033333333333333
46.61944444444445, 4.684444444444445
44.52111111111111, 1.6333333333333333
42.548611111111114, 0.3602777777777778
45.20361111111111, 4.735833333333334
45.35, 2.033333333333333
47.56722222222222, 8.034722222222221
17.95, 20.166666666666668
100.46666666666667, 13.75
44.04611111111111, 13.531666666666666
44.75, 13.083333333333334
44.020833333333336, 13.579444444444444
56.05972222222222, 15.677222222222222
44.020833333333336, 13.579444444444444
44.020833333333336, 13.579444444444444
45.687222222222225, 13.944166666666666
43.25972222222222, 16.0
38.0, 35.0
38.0, 35.0
38.0, 35.0
38.0, 35.0
38.0, 35.0
38.0, 35.0
38.0, 35.0
38.0, 35.0
38.0, 35.0
38.0, 35.0
38.0, 35.0
38.0, 35.0
38.0, 35.0
38.0, 35.0
38.0, 35.0
38.0, 35.0
38.0, 35.0
38.0, 35.0
38.0, 35.0
38.0, 35.0
38.0, 35.0
38.0, 35.0
38.0, 35.0
38.0, 35.0
38.0, 35.0
38.0, 35.0
38.0, 35.0
38.0, 35.0
38.0, 35.0
38.0, 35.0
38.0, 35.0
123.84027777777777, 8.148055555555555
124.11666666666666, 12.833333333333334
13.579166666666667, 11.176388888888889
12.7575, 11.155833333333334
40.21722222222222, 37.91361111111111
70.37166666666667, 34.29055555555556
67.0, 36.75
66.12, 32.88
68.44694444444444, 33.30583333333333
69.04138888888889, 33.42305555555556
70.58, 37.11638888888889
68.44555555555556, 32.84722222222222
29.366666666666667, -3.3833333333333333
29.625555555555554, -3.36
91.8, 22.366666666666667
-35.20944444444444, -5.795
18.583333333333332, 4.366666666666666
109.38333333333334, 24.316666666666666
13.914166666666667, 11.184166666666666
14.011388888888888, 11.161944444444444
29.495555555555555, 0.6533333333333334
-76.05055555555556, 1.853611111111111
31.233333333333334, 30.05
28.862222222222222, 28.351388888888888
-90.16666666666667, 16.516666666666666
93.66972222222222, 24.333333333333332
43.49305555555556, 34.93055555555556
44.40083333333333, 33.340555555555554
44.40083333333333, 33.340555555555554
43.49305555555556, 34.93055555555556
44.40083333333333, 33.340555555555554
12.25, 13.12
13.002777777777778, 11.585833333333333
13.579166666666667, 11.176388888888889
12.481388888888889, 9.208333333333334
13.160277777777777, 11.846388888888889
8.916944444444445, 9.565833333333334
10.544166666666667, 8.4725
9.887222222222222, 8.350833333333334
9.179444444444444, 9.390277777777778
13.160277777777777, 11.846388888888889
6.683055555555556, 10.115277777777777
13.617222222222223, 12.578333333333333
13.002777777777778, 11.585833333333333
84.87722222222222, 27.010277777777777
85.90638888888888, 26.718055555555555
70.8875, 33.44694444444445
67.08194444444445, 24.905555555555555
67.08194444444445, 24.905555555555555
71.57833333333333, 34.007777777777775
46.666666666666664, 43.333333333333336
48.083333333333336, 41.666666666666664
44.888333333333335, 2.6597222222222223
45.35, 2.033333333333333
101.58333333333333, 6.7
42.18472222222222, 37.33
1.5352777777777777, 12.357222222222223
44.20666666666666, 15.354722222222222
45.524166666666666, 16.59722222222222
44.20666666666666, 15.354722222222222
42.95444444444445, 14.797777777777778
45.71888888888889, 14.800555555555556
45.32555555555555, 15.4625
44.020833333333336, 13.579444444444444
44.20666666666666, 15.354722222222222
44.20666666666666, 15.354722222222222
44.20666666666666, 15.354722222222222
44.20666666666666, 15.354722222222222
43.410833333333336, 15.97888888888889
43.249722222222225, 13.318055555555556
43.25, 16.0
38.0, 35.0
38.0, 35.0
38.0, 35.0
38.0, 35.0
38.0, 35.0
38.0, 35.0
38.0, 35.0
38.0, 35.0
38.0, 35.0
38.0, 35.0
38.0, 35.0
38.0, 35.0
38.0, 35.0
38.0, 35.0
38.0, 35.0
38.0, 35.0
38.0, 35.0
38.0, 35.0
38.0, 35.0
38.0, 35.0
38.0, 35.0
38.0, 35.0
38.0, 35.0
38.0, 35.0
38.0, 35.0
38.0, 35.0
38.0, 35.0
38.0, 35.0
38.0, 35.0
38.0, 35.0
80.27916666666667, 41.18416666666667
64.23972222222223, 31.642777777777777
64.7136111111111, 31.86722222222222
70.66805555555555, 34.08222222222222
29.370277777777776, -3.352777777777778
90.36666666666666, 23.7
18.276666666666667, 6.5072222222222225
14.14, 11.046111111111111
14.173333333333334, 11.105555555555556
28.70888888888889, -0.9047222222222222
28.05, 1.4166666666666667
29.466666666666665, 0.5
29.466666666666665, 0.5
33.79833333333333, 31.13138888888889
-91.14444444444445, 14.783333333333333
44.40083333333333, 33.340555555555554
44.53333333333333, 33.808055555555555
47.70166666666667, 30.391944444444444
44.40083333333333, 33.340555555555554
44.40083333333333, 33.340555555555554
44.646388888888886, 33.74638888888889
44.40083333333333, 33.340555555555554
44.40083333333333, 33.340555555555554
44.23277777777778, 33.25833333333333
35.21666666666667, 31.783333333333335
-78.29416666666667, 18.351111111111113
34.61666666666667, 0.95
20.066666666666666, 32.11666666666667
-1.3216666666666668, 15.7975
12.822777777777778, 13.439166666666667
13.54888888888889, 10.851944444444445
13.160277777777777, 11.846388888888889
7.483333333333333, 9.783333333333333
11.966388888888888, 11.713611111111112
12.75361111111111, 12.677777777777777
13.160277777777777, 11.846388888888889
13.54888888888889, 10.851944444444445
6.244722222222222, 12.777777777777779
7.4625, 12.709722222222222
3.1825, 6.485
13.160277777777777, 11.846388888888889
12.481388888888889, 9.208333333333334
14.040833333333333, 11.665
7.264166666666666, 9.006388888888889
70.0, 30.0
70.65027777777777, 30.704722222222223
67.88722222222222, 28.958055555555557
68.43861111111111, 28.280833333333334
67.42305555555555, 30.057777777777776
69.06444444444445, 26.834722222222222
122.3711111111111, 7.508055555555556
125.5436111111111, 8.949166666666667
121.98833333333333, 6.590833333333333
34.48222222222222, 31.48
50.040277777777774, 26.485
23.47388888888889, 12.909444444444444
24.6725, 14.21111111111111
45.35, 2.033333333333333
44.90416666666667, 1.803611111111111
45.20361111111111, 4.735833333333334
46.125, 5.825833333333334
28.682222222222222, 7.273611111111111
14.31, 13.533333333333333
32.86666666666667, 39.93333333333333
29.366666666666667, -3.3833333333333333
29.366666666666667, -3.3833333333333333
29.366666666666667, -3.3833333333333333
29.366666666666667, -3.3833333333333333
20.066666666666666, 32.11666666666667
44.20666666666666, 15.354722222222222
43.914722222222224, 17.063333333333333
44.20666666666666, 15.354722222222222
44.020833333333336, 13.579444444444444
44.020833333333336, 13.579444444444444
42.888888888888886, 16.191944444444445
68.505, 27.287777777777777
70.66111111111111, 34.056666666666665
31.5, 30.583333333333332
38.0, 35.0
38.0, 35.0
38.0, 35.0
38.0, 35.0
38.0, 35.0
38.0, 35.0
38.0, 35.0
38.0, 35.0
38.0, 35.0
38.0, 35.0
38.0, 35.0
38.0, 35.0
38.0, 35.0
38.0, 35.0
38.0, 35.0
38.0, 35.0
38.0, 35.0
38.0, 35.0
38.0, 35.0
38.0, 35.0
38.0, 35.0
38.0, 35.0
38.0, 35.0
38.0, 35.0
38.0, 35.0
38.0, 35.0
38.0, 35.0
38.0, 35.0
38.0, 35.0
38.0, 35.0
38.0, 35.0
68.81305555555555, 32.89416666666666
64.92277777777778, 36.43694444444444
66.98722222222223, 32.511944444444445
66.69333333333333, 32.99666666666667
29.366666666666667, -3.3833333333333333
29.366666666666667, -3.3833333333333333
19.63111111111111, 6.210277777777778
18.283055555555556, 7.3005555555555555
77.81722222222223, 39.62083333333333
14.745833333333334, 12.427777777777777
14.643055555555556, 11.917777777777777
14.03888888888889, 11.110555555555555
28.17, -7.680555555555555
29.6125, 0.8522222222222222
33.79833333333333, 31.13138888888889
34.26972222222222, 31.19972222222222
34.31361111111111, 31.084722222222222
2.350833333333333, 48.85666666666667
90.53527777777778, 14.613333333333333
88.03333333333333, 15.5
87.21666666666667, 14.1
-88.56, 15.21
44.40083333333333, 33.340555555555554
44.40083333333333, 33.340555555555554
44.40083333333333, 33.340555555555554
44.40083333333333, 33.340555555555554
44.40083333333333, 33.340555555555554
43.78611111111111, 33.355555555555554
44.40083333333333, 33.340555555555554
36.420833333333334, 34.17944444444444
35.51305555555555, 33.886944444444445
14.261666666666667, 32.64861111111111
8.0, 12.65
93.605, 22.645555555555557
13.241111111111111, 13.61138888888889
9.8475, 7.963055555555556
7.173333333333334, 7.5841666666666665
12.481388888888889, 9.208333333333334
8.516666666666667, 12.0
11.237222222222222, 11.376944444444444
13.160277777777777, 11.846388888888889
8.516666666666667, 12.0
4.110277777777778, 12.714722222222223
71.49055555555556, 34.757222222222225
70.3925, 32.24
71.44916666666667, 33.581944444444446
72.47638888888889, 34.14111111111111
46.731944444444444, 42.42888888888889
45.35, 2.033333333333333
45.35, 2.033333333333333
45.35, 2.033333333333333
40.21722222222222, 37.91361111111111
-66.38138888888889, 9.86
44.020833333333336, 13.579444444444444
44.020833333333336, 13.579444444444444
44.020833333333336, 13.579444444444444
31.075555555555557, -18.0125
38.0, 35.0
38.0, 35.0
38.0, 35.0
38.0, 35.0
38.0, 35.0
38.0, 35.0
38.0, 35.0
38.0, 35.0
38.0, 35.0
38.0, 35.0
38.0, 35.0
38.0, 35.0
38.0, 35.0
38.0, 35.0
38.0, 35.0
38.0, 35.0
38.0, 35.0
38.0, 35.0
38.0, 35.0
38.0, 35.0
38.0, 35.0
38.0, 35.0
38.0, 35.0
38.0, 35.0
38.0, 35.0
38.0, 35.0
38.0, 35.0
38.0, 35.0
38.0, 35.0
38.0, 35.0
29.6125, 0.8522222222222222
68.76388888888889, 33.903888888888886
65.71, 31.613055555555555
65.71, 31.613055555555555
69.17138888888888, 35.01361111111111
29.366666666666667, -3.3833333333333333
29.366666666666667, 3.3833333333333333
20.994722222222222, 5.4030555555555555
43.166666666666664, 11.6
31.233333333333334, 30.05
34.238055555555555, 31.287777777777777
48.35583333333334, 33.48777777777778
44.39222222222222, 35.46805555555556
44.40083333333333, 33.340555555555554
44.39222222222222, 35.46805555555556
39.11, -0.06861111111111111
20.226111111111113, 30.755277777777778
-3.0094444444444446, 16.775833333333335
6.785555555555556, 6.1497222222222225
13.264166666666666, 13.616666666666667
8.381944444444445, 6.858611111111111
6.489166666666667, 12.188611111111111
12.144166666666667, 10.942222222222222
9.117777777777778, 9.890833333333333
7.7225, 11.11111111111111
8.874722222222223, 9.754722222222222
12.088333333333333, 10.817222222222222
7.013333333333334, 4.777222222222222
7.438055555555556, 10.522222222222222
10.968333333333334, 8.155277777777778
6.785555555555556, 6.1497222222222225
12.491388888888888, 11.809166666666666
13.579166666666667, 11.176388888888889
12.088333333333333, 10.817222222222222
6.892222222222222, 4.788611111111111
13.160277777777777, 11.846388888888889
13.160277777777777, 11.846388888888889
13.628055555555555, 10.889166666666666
70.1, 33.89944444444444
72.0525, 34.20194444444444
124.42555555555556, 7.277222222222222
124.51972222222223, 6.723055555555556
24.636111111111113, 11.828888888888889
45.35, 2.033333333333333
45.20361111111111, 4.735833333333334
45.35, 2.033333333333333
46.32666666666667, 8.230555555555556
42.19583333333333, -0.22
14.620833333333334, 12.971111111111112
37.3825, 37.059444444444445
45.03666666666667, 12.779444444444444
43.30638888888889, 15.936388888888889
44.7, 13.833333333333334
42.988055555555555, 16.455
44.020833333333336, 13.579444444444444
44.020833333333336, 13.579444444444444
38.0, 35.0
38.0, 35.0
38.0, 35.0
38.0, 35.0
38.0, 35.0
38.0, 35.0
38.0, 35.0
38.0, 35.0
38.0, 35.0
38.0, 35.0
38.0, 35.0
38.0, 35.0
38.0, 35.0
38.0, 35.0
38.0, 35.0
38.0, 35.0
38.0, 35.0
38.0, 35.0
38.0, 35.0
38.0, 35.0
38.0, 35.0
38.0, 35.0
38.0, 35.0
38.0, 35.0
38.0, 35.0
38.0, 35.0
